1014
801 309 5
793 203 270
628 82 85
456 362 292
443 73 319
519 294 178
211 169 122
355 37 192
48 260 343
309 381 100
474 240 33
695 85 17
603 141 364
325 234 195
82 172 205
244 342 370
93 321 230
696 65 262
129 306 106
194 7 63
928 155 16
195 361 35
345 114 232
299 381 181
6 4 356
1004 73 142
758 233 111
139 207 356
19 48 362
735 322 301
754 270 267
413 109 175
60 135 262
876 22 126
712 11 297
872 303 373
658 111 318
777 174 59
136 381 357
283 179 320
949 142 84
41 286 58
331 49 10
304 214 77
678 335 161
829 357 224
143 18 216
441 240 147
23 79 204
535 227 302
412 84 382
138 184 165
813 202 383
383 283 213
357 323 70
890 124 100
50 393 222
470 117 56
268 393 274
810 240 395
973 70 68
689 346 129
431 221 229
368 138 146
704 210 31
941 363 7
505 265 116
354 318 337
978 394 45
789 19 267
77 31 80
765 10 16
58 371 320
969 254 67
408 366 67
596 140 198
909 342 266
853 371 143
933 295 142
365 4 371
451 293 291
191 149 288
688 182 255
791 331 187
471 274 35
487 278 381
4 162 352
290 393 380
422 258 298
848 66 235
125 98 361
572 199 111
1006 64 168
864 61 125
666 120 281
561 331 31
447 256 226
342 47 329
726 71 297
350 201 188
433 152 241
310 345 88
616 102 144
573 141 393
592 40 44
380 4 184
674 178 92
792 341 329
47 266 173
271 226 262
400 116 7
241 15 93
629 209 147
439 145 327
391 294 232
869 183 14
220 14 329
630 36 162
192 44 287
326 176 269
752 274 10
302 279 317
954 140 48
159 231 357
694 382 240
867 21 163
955 32 228
528 52 395
189 392 6
164 315 246
539 214 312
896 243 22
429 278 87
514 73 39
86 192 229
295 85 277
716 104 79
13 341 393
593 389 318
501 187 377
381 35 103
799 77 116
669 244 325
90 125 344
475 287 344
69 318 271
868 101 213
379 356 201
432 110 377
320 227 173
926 79 341
680 158 108
632 265 143
834 227 4
486 248 245
284 207 295
71 230 57
339 289 15
79 307 26
807 165 185
917 246 378
445 96 301
846 4 245
529 26 367
12 188 34
26 390 72
40 373 387
362 258 196
344 97 270
130 187 55
818 320 135
668 30 315
667 347 17
717 144 165
513 258 86
975 167 138
708 383 301
131 139 12
24 361 252
382 359 174
182 309 215
52 107 28
64 353 56
947 200 336
335 211 207
168 380 125
843 61 192
204 342 303
548 188 289
556 329 374
607 353 334
652 146 136
94 43 255
871 86 245
208 246 264
859 103 113
698 199 126
229 24 32
873 90 171
578 284 239
907 155 385
774 88 62
649 302 394
929 52 154
741 393 163
983 66 16
46 2 151
181 57 80
230 366 363
266 158 225
480 297 267
772 131 303
536 290 111
559 238 286
322 230 335
661 325 84
957 336 111
1002 235 133
488 51 212
497 159 36
692 362 270
923 124 238
924 14 396
714 107 187
602 54 50
469 93 337
18 22 354
557 374 207
305 302 320
428 281 157
707 224 381
491 247 81
809 23 11
410 59 374
449 4 105
805 319 352
257 286 361
581 45 117
738 292 43
190 308 85
699 137 218
739 162 69
2 121 133
455 172 368
584 392 210
546 267 52
764 316 45
886 158 312
8 363 113
910 263 362
463 211 243
898 380 344
11 8 283
1010 5 214
583 392 32
744 169 157
446 331 280
888 90 49
296 36 387
38 339 236
223 76 353
806 307 157
360 148 349
406 200 10
83 269 199
301 219 96
838 17 185
877 26 245
329 87 139
81 120 147
358 240 120
811 187 65
986 133 24
158 121 263
171 297 67
453 328 200
857 197 53
625 240 171
209 123 71
370 63 103
914 168 302
317 393 140
710 62 278
748 155 338
278 115 211
328 186 342
397 349 155
671 14 147
563 1 41
462 241 215
897 364 81
146 173 227
121 336 54
534 177 391
399 339 7
967 249 96
882 159 210
91 218 124
974 309 194
921 191 99
387 103 251
66 192 145
976 168 14
769 272 296
817 198 216
800 91 395
148 293 198
802 140 176
552 204 167
842 253 41
512 59 304
524 256 126
127 28 290
784 260 282
981 247 338
54 286 273
273 329 315
7 91 5
757 39 131
936 89 233
697 383 260
847 225 87
92 283 132
245 143 117
141 261 323
308 32 55
821 95 95
318 96 193
530 64 352
402 4 314
785 215 285
101 155 264
95 119 393
722 335 355
911 395 119
53 187 190
831 3 120
701 319 393
120 310 120
731 203 309
564 57 37
851 73 7
972 163 47
375 308 296
679 258 395
349 262 242
874 253 3
750 332 144
647 343 221
858 207 58
425 106 162
285 110 293
711 230 240
903 39 340
252 378 53
411 208 372
644 226 42
582 364 150
75 280 76
415 114 364
255 305 356
1008 95 326
70 121 28
608 60 337
1005 127 189
258 394 85
753 309 178
132 112 328
237 44 268
458 11 228
303 28 203
540 355 383
825 278 252
854 351 319
944 221 395
376 197 76
478 337 69
622 321 108
351 309 57
721 342 174
343 380 290
822 316 15
307 73 215
542 157 364
790 297 91
126 397 252
579 223 14
621 110 43
918 47 300
63 169 248
527 366 193
356 43 25
966 5 261
998 244 58
207 256 207
293 130 386
588 173 284
249 43 224
175 186 122
676 374 26
173 347 356
849 247 160
751 221 183
916 354 100
508 274 106
298 322 160
336 256 22
468 283 331
369 221 349
835 323 257
724 346 282
363 162 85
390 38 175
483 160 176
374 253 180
878 376 161
720 153 96
461 81 365
165 83 162
650 81 394
300 42 73
103 80 98
106 191 270
347 252 354
706 14 80
520 154 194
359 118 86
946 31 116
544 124 122
442 352 185
291 252 312
150 218 323
795 185 300
464 314 376
17 191 354
1013 87 181
218 199 396
657 134 277
747 102 124
319 367 350
161 122 312
21 156 148
895 107 57
771 127 362
479 121 160
715 83 308
925 351 33
373 222 159
550 9 161
953 382 230
740 293 155
28 395 396
541 144 69
935 372 372
198 392 185
515 300 340
840 160 325
994 202 248
25 57 174
963 284 185
334 267 222
905 26 148
938 359 126
421 151 301
5 55 138
155 5 50
623 79 264
845 59 243
424 196 25
465 368 235
324 28 328
435 136 96
824 357 241
570 330 217
690 369 281
893 97 288
939 143 254
197 375 77
725 87 212
990 294 256
215 67 390
682 179 333
332 224 146
855 212 42
44 13 338
700 316 286
196 289 391
264 171 24
430 394 355
183 221 200
775 45 315
274 279 145
850 105 353
619 96 33
492 341 100
733 328 242
254 73 247
409 230 68
1011 164 394
214 223 115
549 260 384
3 310 74
122 390 284
932 125 250
631 293 304
597 360 342
472 37 90
145 175 110
1009 103 392
996 291 29
248 350 210
883 186 176
589 185 313
33 267 310
482 16 55
836 12 252
427 16 110
670 180 46
262 11 3
585 146 314
156 78 54
414 38 239
532 134 232
467 16 315
642 10 203
875 160 4
985 298 131
200 215 338
899 133 39
420 183 244
545 140 375
137 68 157
518 240 370
574 33 259
59 273 393
102 132 59
734 379 273
96 273 354
419 235 274
687 158 277
681 234 224
879 8 384
987 11 36
134 395 105
166 241 4
270 394 340
922 42 142
755 271 162
68 2 172
416 362 313
576 204 232
595 230 316
1007 52 347
533 192 206
627 317 148
523 12 128
727 108 102
852 38 15
281 119 300
444 194 158
537 157 121
591 53 69
22 365 394
553 22 44
705 84 73
942 196 87
162 128 199
30 63 219
246 330 177
394 113 273
803 375 172
109 261 157
118 169 315
598 213 3
902 182 363
149 265 67
315 245 304
880 133 106
116 278 26
34 50 384
767 300 282
234 327 4
476 74 24
16 390 368
348 291 378
565 71 183
558 41 208
773 158 58
940 158 163
154 365 53
250 201 284
506 3 74
919 21 68
862 172 78
516 240 254
931 70 82
157 378 193
703 117 170
1012 348 74
232 282 289
313 168 338
968 374 248
151 104 235
691 71 287
912 334 339
730 313 311
185 251 110
920 96 370
798 245 234
338 33 304
551 171 218
580 396 296
395 276 122
438 91 114
531 195 318
163 314 364
502 391 58
828 175 3
436 346 144
457 20 278
759 189 390
108 145 37
115 344 246
904 366 332
999 331 17
485 330 100
117 209 134
228 124 222
648 104 14
39 272 281
178 357 23
316 104 337
213 24 389
396 267 250
489 285 4
656 364 93
9 73 377
948 378 5
891 342 198
51 81 328
1003 117 106
404 207 88
29 66 365
600 310 329
844 370 36
128 22 174
685 278 223
970 34 359
768 383 140
820 54 224
226 286 99
677 391 200
1000 50 198
259 179 136
562 255 145
640 340 119
815 256 273
952 270 331
78 381 218
172 25 95
737 209 19
778 383 333
289 170 382
384 344 51
937 225 28
261 381 43
992 134 327
781 386 113
839 106 307
885 223 215
870 351 4
216 147 24
418 307 228
481 395 235
770 333 294
814 198 42
174 126 289
473 372 302
991 145 271
620 4 136
729 170 102
110 259 258
510 327 44
865 255 371
205 211 389
606 46 85
247 182 27
571 59 2
321 292 72
945 202 176
160 320 97
385 224 275
613 235 101
826 160 253
927 280 45
74 135 352
684 210 219
45 272 187
611 132 157
80 111 71
686 382 378
388 370 100
251 196 259
169 45 102
962 55 253
87 84 31
392 83 126
594 279 173
386 115 341
641 116 198
908 130 171
894 296 220
749 200 67
113 395 262
554 130 3
72 222 248
99 321 30
36 265 26
762 146 210
982 135 340
995 347 344
989 216 108
170 75 229
683 237 347
279 320 171
280 278 368
517 82 193
609 112 128
459 93 78
522 235 158
184 117 352
709 239 183
760 371 132
856 363 161
0 319 211
663 260 14
124 29 343
366 85 292
265 221 373
67 300 55
352 12 364
224 3 295
231 58 288
297 238 46
610 202 199
340 269 96
702 282 197
495 2 88
718 308 141
881 242 295
206 163 292
951 197 365
466 327 364
626 175 185
210 207 324
494 212 261
454 332 386
236 368 17
743 208 100
221 54 108
913 305 253
256 249 191
107 326 329
634 149 55
509 20 301
615 306 240
225 329 266
569 99 44
713 105 261
605 255 215
477 162 26
538 392 153
645 141 301
958 98 381
73 368 180
240 146 3
841 33 28
732 65 203
10 70 272
286 115 116
525 39 395
55 357 369
364 33 275
1001 218 363
144 96 153
590 327 56
673 50 182
984 131 87
587 289 123
672 110 222
98 298 9
62 166 235
104 215 170
105 318 186
153 222 133
267 341 39
378 45 372
819 30 179
934 249 282
212 114 246
49 293 327
235 336 253
889 66 48
217 383 30
901 3 232
393 121 40
1 276 65
88 298 364
37 124 331
372 391 173
728 295 209
437 322 118
193 370 224
277 216 301
490 176 352
965 305 204
979 218 65
971 64 27
639 379 85
243 152 79
341 122 375
20 78 151
180 104 202
961 378 152
403 191 3
560 182 235
577 245 203
114 180 71
823 64 142
100 331 129
787 205 345
756 213 274
97 381 396
693 337 84
333 143 384
423 339 208
371 172 172
547 184 218
887 141 187
179 254 169
780 63 58
643 301 188
654 88 103
199 300 120
604 4 344
659 168 197
746 370 263
498 91 350
915 273 340
719 311 95
203 50 129
448 156 133
675 4 331
832 105 2
112 229 79
993 274 235
504 24 235
637 286 309
89 350 113
337 207 157
575 20 195
892 209 118
119 238 13
997 183 203
964 150 179
76 172 37
405 56 94
660 47 167
167 72 308
346 52 25
830 181 156
272 227 289
782 218 53
665 131 180
988 45 60
152 145 125
239 64 326
507 354 304
812 380 314
123 193 135
796 247 389
493 352 262
426 397 320
32 23 255
779 342 315
651 271 135
827 214 190
188 240 72
555 301 167
816 110 154
499 71 127
222 318 199
543 151 395
884 137 241
260 282 262
662 52 274
263 55 18
276 250 135
330 58 315
452 148 229
511 264 4
417 5 273
863 133 313
85 354 394
736 160 375
950 58 115
42 294 243
960 251 31
638 15 243
407 28 135
434 195 301
766 73 109
61 98 62
147 288 165
599 254 51
111 35 373
980 267 80
253 23 3
401 2 392
201 318 383
612 356 68
633 358 141
282 245 360
135 71 334
788 383 18
956 306 40
783 355 278
176 309 263
566 105 279
786 318 321
288 392 130
311 271 208
745 167 93
327 83 43
521 194 329
794 328 347
808 314 128
238 365 213
287 310 345
242 107 136
65 268 374
943 125 49
617 70 96
314 291 81
567 177 302
377 94 128
219 89 257
601 147 155
655 15 345
833 260 235
186 123 14
635 35 153
312 93 316
804 16 376
500 390 247
306 130 139
776 38 3
15 30 219
294 231 367
653 396 19
292 175 147
460 3 28
646 319 60
526 262 104
177 232 208
233 355 44
353 50 238
31 131 207
484 100 172
503 118 184
140 293 356
761 343 27
269 385 325
496 47 35
837 145 105
27 304 384
861 377 64
398 307 274
723 4 195
389 391 305
227 12 173
742 302 307
56 354 88
84 183 278
586 75 172
906 340 187
930 333 227
440 167 265
624 351 165
797 356 357
142 390 97
664 265 38
866 93 224
14 374 113
450 238 89
133 351 232
361 134 73
900 18 23
187 262 186
568 240 314
860 2 12
275 391 389
636 233 387
959 184 84
43 30 69
57 105 90
202 134 125
367 98 242
323 43 352
35 130 114
614 135 290
618 187 111
763 348 293
977 94 23
