6257
0 1124 1703
2 1132 1693
4 1122 1665
13 1091 1703
16 1128 1646
19 1145 1667
21 1126 1703
25 1099 1697
29 1114 1665
38 1087 1687
41 1103 1691
43 1142 1639
47 1149 1638
50 1158 1651
76 1096 1633
77 1068 1673
80 1082 1646
84 1138 1630
85 1109 1626
95 1086 1641
97 1092 1646
111 1109 1708
112 1157 1645
113 1107 1635
123 1151 1639
126 1517 1618
131 1532 1630
133 1507 1636
134 1481 1610
142 1520 1637
143 1483 1617
150 1528 1624
154 1502 1636
157 1517 1641
166 1490 1660
174 1483 1647
175 1528 1666
182 1538 1640
191 1519 1653
196 1498 1602
203 1056 1696
204 1483 1644
220 1530 1638
224 1490 1656
225 1510 1604
227 1481 1644
232 1514 1602
235 1530 1658
237 1062 1656
243 1523 1634
245 1513 1641
247 1534 1654
252 1153 1623
253 1500 1595
256 1499 1639
259 1513 1650
274 1536 1648
282 1512 1597
297 1472 1621
302 1516 1633
314 1168 1648
321 1465 1623
328 1520 1620
332 1528 1642
336 1504 1627
343 1527 1641
344 1512 1660
349 1492 1600
358 1478 1629
375 1513 1648
383 1088 1713
393 1496 1605
406 1525 1624
417 1518 1602
420 1476 1651
429 1512 1627
430 1494 1638
434 1115 1628
438 1534 1652
449 1510 1630
452 1461 1643
456 1531 1662
458 1524 1628
473 1469 1650
485 1486 1607
498 1469 1652
502 1506 1592
507 1527 1649
508 1492 1662
519 1469 1646
524 1479 1618
535 1513 1665
536 1484 1628
541 1049 1687
549 1485 1646
554 1474 1641
560 1523 1639
562 1520 1664
569 1486 1658
572 1109 1619
573 1474 1629
576 1527 1657
577 1508 1649
584 1508 1662
591 1523 1607
597 1521 1665
599 1171 1631
607 1477 1631
610 1520 1632
627 1501 1657
632 1512 1644
649 1518 1644
656 1490 1655
657 1127 1609
661 1494 1663
664 1476 1620
665 1529 1645
666 1507 1607
667 1128 1607
670 1082 1631
672 1472 1636
679 1504 1601
699 1468 1639
701 1505 1638
716 1535 1654
717 1466 1620
721 1483 1626
725 1106 1723
728 1505 1641
736 1482 1642
738 1161 1625
742 1482 1644
744 1504 1600
748 1130 1607
749 1109 1614
752 1475 1629
755 1495 1633
763 1495 1601
765 1531 1646
766 1524 1644
771 1526 1663
773 1496 1633
784 1479 1652
814 1513 1629
818 1492 1605
821 1512 1665
837 1494 1657
841 1480 1629
847 1518 1637
850 1467 1620
856 1514 1626
862 1508 1593
864 1510 1661
865 1502 1594
867 1496 1639
869 1491 1652
874 1530 1622
875 1464 1646
881 1462 1638
885 1490 1645
886 1472 1638
887 1476 1612
888 1495 1649
903 1479 1625
911 1086 1718
916 1505 1632
925 1526 1661
931 1485 1605
934 1474 1634
952 1523 1664
953 1511 1668
957 1479 1654
958 1481 1621
960 1459 1631
965 1507 1624
973 1513 1623
982 1508 1631
984 1473 1615
1000 1527 1662
1004 1503 1635
1014 1518 1660
1021 1524 1643
1022 1491 1660
1027 1518 1647
1031 1508 1596
1037 1460 1647
1040 1528 1626
1051 1467 1647
1053 1459 1640
1062 1469 1627
1070 1533 1625
1073 1496 1648
1074 1483 1629
1076 1134 1609
1077 1536 1638
1080 1526 1662
1086 1520 1660
1088 1503 1657
1096 1509 1641
1098 1471 1627
1102 1509 1597
1111 1532 1643
1126 1480 1626
1132 1502 1659
1134 1507 1669
1140 1473 1617
1147 1484 1642
1152 1527 1660
1153 1465 1662
1156 1544 1629
1157 1533 1621
1158 1418 1653
1159 1515 1551
1167 1430 1655
1170 1515 1560
1175 1122 1606
1182 1500 1588
1195 1532 1606
1197 1528 1609
1206 1474 1554
1208 1510 1572
1212 1496 1584
1222 1504 1559
1224 1020 1660
1231 1047 1705
1234 1489 1665
1235 1482 1596
1238 1505 1669
1251 1488 1594
1253 1543 1649
1265 1508 1672
1269 1426 1640
1270 1180 1641
1301 1395 1662
1305 1537 1676
1308 1496 1554
1315 1509 1585
1318 1430 1638
1323 1482 1553
1327 1524 1580
1332 1544 1641
1336 1390 1664
1338 1434 1656
1343 1513 1571
1352 1447 1620
1367 1092 1613
1377 1516 1583
1378 1498 1581
1382 1501 1678
1384 1442 1632
1389 1483 1572
1393 1439 1637
1397 1503 1573
1400 1049 1641
1401 1534 1668
1408 1531 1676
1413 1448 1653
1414 1401 1656
1419 1501 1621
1425 1044 1708
1433 1437 1635
1441 1398 1657
1442 1494 1554
1443 1452 1633
1445 1445 1661
1451 1518 1616
1453 1505 1580
1463 1505 1554
1464 1491 1664
1471 1041 1654
1474 992 1658
1477 1526 1579
1480 1533 1597
1484 1460 1653
1498 1456 1662
1500 1538 1628
1519 1534 1622
1526 1549 1652
1532 1539 1668
1538 1481 1552
1542 1480 1536
1545 1487 1583
1548 1527 1668
1551 1459 1613
1555 1483 1554
1565 1492 1590
1568 1498 1588
1575 1510 1562
1576 1508 1575
1581 992 1659
1583 1413 1665
1594 1422 1648
1601 1543 1617
1602 1445 1620
1605 1537 1681
1607 1497 1535
1609 1542 1621
1611 1538 1676
1612 1483 1599
1613 1509 1570
1615 1514 1556
1620 1538 1627
1625 1496 1531
1627 1532 1616
1636 1450 1636
1637 1033 1706
1641 1543 1673
1642 1503 1587
1644 1524 1578
1645 1481 1535
1656 1493 1555
1660 1443 1658
1662 1505 1564
1665 1058 1637
1668 1522 1575
1672 1531 1682
1673 1032 1690
1677 1524 1605
1681 1514 1555
1688 1069 1632
1692 1524 1585
1701 1444 1621
1706 1541 1622
1710 1451 1638
1719 1473 1656
1721 1513 1559
1727 1479 1537
1733 1155 1613
1734 1521 1675
1739 1481 1541
1742 1528 1581
1750 1538 1613
1761 1443 1632
1771 1452 1661
1773 1457 1657
1774 1542 1666
1778 1437 1628
1786 1441 1628
1791 1498 1549
1801 1496 1579
1802 1163 1620
1804 1534 1681
1808 1395 1666
1809 1516 1610
1825 1493 1557
1830 1495 1677
1839 1118 1599
1855 1483 1661
1856 1492 1593
1857 1542 1620
1858 1487 1623
1861 1529 1671
1863 1526 1617
1865 1526 1679
1871 1469 1609
1875 1477 1547
1876 1514 1563
1880 1474 1560
1881 1505 1546
1891 1457 1663
1893 1522 1611
1897 1517 1588
1920 1537 1661
1924 1522 1578
1937 1509 1580
1945 1494 1547
1946 1497 1630
1951 1507 1564
1956 1516 1574
1957 1506 1541
1976 1098 1735
1978 1488 1627
1982 1525 1593
1988 1534 1672
1996 1489 1630
2001 1497 1541
2012 1444 1659
2023 1532 1607
2026 1532 1679
2029 1495 1613
2052 1497 1619
2061 1515 1672
2066 1540 1613
2067 1449 1656
2085 1504 1564
2086 1459 1655
2087 1517 1581
2089 1066 1629
2096 1511 1552
2100 1477 1564
2101 1504 1539
2104 1433 1651
2124 1467 1653
2130 1514 1580
2136 1496 1590
2139 1493 1588
2140 1509 1587
2143 1502 1671
2146 1452 1624
2155 1493 1625
2156 1519 1575
2158 1483 1664
2161 1457 1648
2162 1487 1582
2168 1511 1543
2171 1495 1571
2173 1437 1640
2187 1536 1658
2210 1501 1610
2214 1495 1589
2217 1481 1547
2230 1476 1546
2232 1478 1553
2234 1547 1633
2236 1496 1540
2239 1520 1594
2241 1515 1565
2247 1500 1563
2256 1494 1620
2257 1440 1660
2258 1515 1586
2259 1110 1739
2260 1516 1563
2261 1500 1669
2264 1498 1583
2288 1459 1648
2290 1517 1591
2291 1462 1620
2292 1525 1684
2293 1479 1542
2296 1441 1650
2300 1482 1566
2305 1414 1664
2306 1116 1624
2309 1477 1550
2314 1427 1652
2315 1501 1572
2317 1492 1585
2322 1516 1566
2333 1433 1660
2337 1509 1551
2339 1525 1597
2341 1531 1666
2344 1512 1568
2345 1481 1602
2346 1480 1602
2350 1486 1626
2357 1037 1721
2364 1502 1679
2367 1399 1660
2370 1501 1622
2377 1521 1671
2379 1511 1674
2381 1553 1669
2383 1503 1586
2394 1514 1540
2400 1510 1570
2416 1453 1617
2417 1448 1631
2418 1502 1618
2422 1493 1542
2426 1492 1583
2438 1115 1600
2453 1525 1617
2465 1184 1626
2469 1519 1548
2472 1537 1634
2474 1512 1559
2476 1386 1661
2478 1451 1646
2480 1452 1634
2484 1492 1535
2487 1486 1592
2493 1517 1576
2507 1538 1663
2508 1541 1627
2519 1498 1552
2523 1188 1636
2533 1491 1616
2535 1545 1663
2536 1485 1545
2539 1514 1568
2545 1544 1652
2546 1487 1544
2550 1526 1673
2551 1510 1580
2562 1494 1551
2563 1501 1538
2568 1450 1643
2569 1489 1664
2571 1514 1680
2577 1489 1619
2580 1479 1543
2586 1547 1676
2591 1473 1608
2595 1517 1592
2596 1537 1668
2613 1496 1566
2614 1517 1547
2615 1517 1544
2616 1484 1550
2635 1522 1596
2636 1478 1552
2645 1504 1565
2653 1517 1611
2654 1538 1660
2659 1520 1683
2660 1451 1623
2670 1527 1600
2671 1497 1563
2673 1511 1676
2674 1504 1566
2682 1541 1670
2683 1510 1549
2685 1485 1534
2686 1498 1568
2693 1524 1577
2694 1411 1665
2702 1520 1552
2707 1490 1577
2711 1522 1617
2715 1169 1619
2726 1412 1664
2727 1480 1545
2730 1508 1552
2731 1430 1659
2736 1421 1657
2741 1015 1676
2761 1515 1592
2767 1547 1647
2774 1493 1675
2776 1522 1679
2778 1490 1672
2779 1111 1603
2787 1517 1676
2788 1433 1635
2791 1538 1614
2809 1498 1543
2813 1536 1615
2815 1488 1577
2817 1516 1573
2824 1440 1569
2829 1455 1541
2841 1551 1648
2851 1541 1581
2855 1455 1587
2858 1585 1769
2868 1398 1685
2869 1406 1675
2873 1434 1626
2883 1155 1592
2910 1516 1534
2914 1567 1667
2915 1476 1674
2920 1534 1558
2926 1202 1634
2930 1466 1673
2934 1585 1667
2936 1556 1641
2941 1360 1645
2945 1504 1532
2949 1542 1576
2953 1460 1607
2954 1423 1635
2959 1534 1542
2961 1564 1721
2968 1400 1689
2972 1567 1710
2978 1426 1553
2985 1557 1638
2988 1589 1704
2994 1465 1549
3001 1572 1676
3007 1523 1690
3010 1187 1616
3027 1412 1530
3029 1469 1583
3032 1577 1691
3039 1367 1659
3049 1513 1523
3056 1561 1666
3058 1438 1592
3066 1523 1687
3067 1480 1594
3076 1454 1560
3084 1419 1562
3096 1454 1591
3102 1479 1673
3116 1533 1568
3122 1537 1541
3123 1460 1537
3124 1578 1708
3126 1564 1688
3127 1477 1576
3128 1482 1672
3129 1464 1551
3130 1379 1658
3148 1550 1705
3152 1443 1559
3154 1544 1554
3160 1577 1701
3167 1438 1605
3174 1525 1554
3182 1555 1631
3183 1456 1599
3188 1588 1698
3194 1522 1528
3197 1522 1546
3202 1582 1679
3209 1483 1525
3212 1429 1597
3213 1359 1659
3216 1450 1669
3217 1554 1716
3220 1456 1596
3227 1527 1563
3248 1407 1530
3255 1546 1622
3261 1560 1670
3266 1397 1649
3270 1582 1660
3271 1581 1771
3273 1358 1649
3275 1410 1580
3277 1420 1544
3279 1446 1561
3283 1420 1547
3293 1588 1684
3295 1570 1650
3297 1557 1639
3307 1575 1680
3312 1515 1535
3316 1035 1733
3323 1565 1709
3333 1575 1654
3335 1568 1659
3337 1358 1663
3340 1554 1634
3347 1426 1584
3348 1556 1630
3350 1556 1662
3353 1451 1592
3360 1179 1601
3364 1405 1534
3367 1401 1635
3368 1552 1672
3369 1481 1679
3382 1560 1714
3384 1536 1557
3385 1509 1691
3397 1520 1688
3398 1559 1704
3401 1538 1586
3404 1379 1656
3411 1413 1690
3433 1465 1542
3441 1547 1732
3449 1412 1635
3457 1560 1695
3471 1159 1713
3477 1444 1588
3482 1584 1663
3497 1427 1683
3517 1559 1714
3518 1488 1685
3519 1570 1657
3521 1574 1721
3523 1466 1601
3527 1478 1572
3532 1425 1634
3534 1529 1540
3537 1498 1687
3546 1466 1575
3549 1190 1615
3553 1500 1518
3559 1380 1649
3561 1447 1543
3566 1564 1730
3567 1485 1566
3575 1488 1522
3579 1560 1660
3587 1521 1540
3592 1555 1696
3594 1507 1530
3602 1545 1613
3604 1081 1611
3612 1395 1676
3614 1483 1592
3615 1455 1584
3622 1379 1653
3631 1374 1645
3650 1379 1673
3651 1408 1563
3652 1481 1673
3658 1471 1589
3660 1414 1565
3662 1580 1711
3665 1542 1557
3677 1450 1675
3682 1425 1684
3690 1518 1539
3692 1432 1572
3695 1446 1599
3702 1577 1717
3709 1460 1584
3717 1557 1705
3722 1543 1550
3723 1564 1701
3729 1524 1530
3735 1416 1522
3736 1441 1590
3754 1554 1636
3770 1586 1686
3779 1415 1546
3782 1376 1660
3789 1390 1679
3807 1441 1663
3812 1552 1635
3833 1422 1667
3838 1581 1683
3849 1427 1572
3860 1534 1581
3866 1547 1610
3867 1402 1544
3870 1430 1633
3871 1131 1610
3876 1442 1670
3877 1551 1655
3888 1481 1685
3892 1569 1695
3916 1440 1612
3920 1450 1583
3930 1526 1529
3944 1421 1624
3948 1518 1529
3949 1467 1561
3950 1464 1539
3952 1541 1572
3956 1540 1680
3966 1448 1669
3972 1461 1602
3977 1459 1538
3978 1021 1645
3981 1576 1667
3982 1577 1773
3991 1391 1644
3993 1550 1666
4001 1397 1685
4003 1438 1589
4012 1555 1655
4014 1416 1558
4015 1460 1668
4017 1433 1579
4021 1351 1663
4024 1432 1563
4028 1555 1697
4031 1507 1688
4034 1565 1716
4038 1449 1568
4043 1552 1726
4049 1420 1569
4059 1534 1540
4065 1419 1542
4067 1494 1611
4079 1479 1587
4082 1515 1536
4083 1465 1589
4084 1558 1707
4094 1431 1613
4096 1444 1595
4099 1466 1543
4114 1564 1706
4133 1566 1715
4137 1538 1565
4144 1425 1619
4146 1573 1774
4148 1561 1699
4150 1527 1569
4153 1447 1545
4157 1579 1657
4158 1562 1722
4160 1441 1542
4161 1560 1697
4165 1541 1594
4166 1418 1629
4174 1416 1683
4175 1437 1611
4176 1446 1560
4178 1391 1672
4183 1441 1573
4185 1453 1544
4195 1484 1529
4200 1365 1653
4201 1563 1716
4206 1417 1527
4217 1420 1568
4219 1402 1532
4222 1135 1586
4227 1433 1587
4236 1423 1555
4238 1575 1720
4240 1422 1577
4243 1404 1568
4245 1535 1548
4248 1482 1593
4252 1417 1642
4254 1504 1523
4275 1476 1525
4277 1460 1603
4282 1415 1683
4285 1006 1629
4288 1422 1624
4291 1572 1682
4297 1414 1679
4305 1589 1769
4307 1466 1552
4308 1429 1604
4309 1486 1679
4310 1426 1594
4320 1539 1576
4327 1574 1666
4328 1553 1707
4334 1570 1688
4338 1487 1557
4370 1511 1534
4375 1121 1595
4376 1481 1585
4382 1438 1607
4385 1542 1569
4387 1506 1521
4393 1523 1693
4396 1556 1685
4411 1365 1671
4416 1437 1599
4417 1445 1609
4418 1562 1656
4426 1473 1542
4439 1538 1571
4444 1453 1586
4445 1447 1662
4453 1549 1707
4454 1442 1591
4456 1520 1534
4458 1515 1693
4461 1369 1664
4462 1520 1528
4464 1579 1710
4468 1552 1665
4474 1550 1689
4481 1436 1617
4482 1527 1557
4483 1402 1637
4487 1435 1586
4490 1471 1575
4493 1423 1622
4499 1420 1560
4502 1547 1701
4511 1480 1531
4513 1543 1569
4518 1551 1724
4521 1396 1540
4523 1524 1545
4526 1450 1605
4536 1526 1537
4541 1431 1577
4548 1482 1674
4549 1461 1542
4550 1560 1648
4558 1586 1696
4566 1550 1691
4568 1183 1607
4569 1443 1587
4575 1441 1577
4576 1552 1731
4577 1579 1687
4578 1574 1659
4579 1554 1640
4595 1527 1529
4597 1461 1560
4606 1455 1578
4623 1538 1554
4626 1434 1547
4629 1554 1644
4630 1361 1662
4632 1549 1627
4640 1540 1565
4644 1450 1599
4658 1522 1693
4665 1421 1671
4672 1567 1708
4673 1523 1527
4676 1476 1569
4684 1557 1732
4690 1489 1527
4694 1484 1532
4696 1559 1671
4700 1571 1708
4702 1431 1566
4705 1518 1527
4706 1391 1680
4717 1574 1679
4723 1544 1563
4731 1433 1619
4739 1558 1649
4740 1416 1577
4742 1543 1565
4749 1058 1628
4752 1447 1609
4753 1434 1621
4761 1575 1718
4773 1530 1572
4774 1466 1577
4776 1553 1698
4780 1454 1543
4788 1525 1564
4790 1451 1580
4811 1384 1676
4813 1556 1661
4819 1423 1549
4822 1464 1584
4824 1456 1590
4836 1401 1679
4843 1509 1524
4845 1456 1548
4849 1453 1593
4851 1543 1576
4852 1432 1569
4857 1557 1643
4868 1531 1537
4870 1544 1601
4874 1553 1639
4886 1427 1676
4894 1549 1722
4895 1414 1552
4898 1432 1581
4901 1481 1527
4902 1432 1587
4907 1565 1674
4928 1565 1718
4929 1408 1525
4937 1576 1704
4938 1169 1601
4946 1520 1686
4948 1426 1636
4974 1418 1545
4977 1449 1544
4980 1426 1551
4983 1358 1657
4989 1454 1557
4991 1579 1660
4997 1478 1599
5005 1539 1597
5007 1439 1589
5012 1573 1688
5015 1467 1540
5017 1550 1699
5021 1484 1582
5031 1492 1612
5035 1012 1698
5046 1585 1714
5056 1556 1651
5058 1475 1567
5071 1535 1585
5076 1398 1542
5085 1568 1658
5092 1541 1575
5101 1433 1617
5102 1492 1518
5104 1551 1713
5111 1578 1715
5124 1468 1527
5133 1587 1701
5134 1376 1665
5139 1532 1544
5141 1027 1639
5142 1556 1652
5152 1576 1694
5153 1574 1725
5154 1552 1613
5167 1537 1608
5172 1574 1729
5180 1581 1777
5183 1045 1544
5189 1436 1588
5196 1519 1690
5197 1531 1554
5203 1543 1592
5211 1432 1611
5221 1553 1658
5224 1539 1562
5228 1531 1532
5232 1533 1586
5255 1482 1590
5260 1426 1547
5267 1428 1683
5276 1437 1556
5281 1531 1577
5283 1573 1673
5284 1502 1520
5295 1408 1538
5319 1423 1626
5324 1487 1522
5328 1450 1576
5329 1552 1638
5332 1432 1549
5341 1462 1535
5343 1467 1577
5346 1364 1658
5350 1512 1694
5355 1409 1686
5356 1567 1785
5380 1463 1581
5382 1441 1612
5390 1449 1591
5404 1584 1718
5423 1561 1739
5426 1434 1549
5429 1357 1660
5431 1404 1677
5447 1469 1587
5449 1580 1658
5450 1381 1649
5451 1200 1618
5453 1577 1718
5463 1537 1590
5473 1474 1565
5474 1462 1608
5475 1430 1564
5479 1570 1721
5481 1365 1641
5486 1430 1632
5490 1420 1567
5494 1534 1579
5496 1526 1558
5499 1175 1678
5500 981 1665
5503 1578 1713
5506 1410 1532
5513 1557 1711
5518 1411 1575
5519 1503 1518
5520 1586 1683
5521 1421 1536
5522 1374 1673
5523 1580 1774
5524 1427 1627
5526 1574 1651
5536 1493 1685
5537 1469 1563
5543 1578 1707
5549 1044 1637
5552 1374 1661
5556 1413 1564
5566 1182 1726
5572 1583 1689
5580 1525 1529
5581 1434 1662
5584 1461 1596
5585 1441 1613
5589 1402 1681
5590 1529 1545
5597 1178 1606
5603 1490 1524
5607 1583 1773
5618 1539 1570
5621 1504 1682
5624 1553 1699
5641 1114 1614
5646 1457 1587
5651 1536 1541
5653 1430 1574
5657 1578 1652
5666 1448 1553
5668 1556 1675
5683 1362 1643
5692 1439 1548
5702 1516 1694
5706 1547 1722
5707 1548 1713
5710 1584 1775
5714 1421 1531
5722 1419 1581
5726 1580 1666
5752 1585 1705
5754 1453 1575
5755 1475 1587
5763 1485 1684
5764 1386 1683
5771 1521 1688
5772 1568 1667
5774 1587 1666
5778 1454 1589
5791 1186 1734
5795 1381 1681
5799 1548 1714
5804 1459 1535
5808 1466 1676
5812 1578 1702
5814 1482 1526
5821 1378 1646
5822 1566 1725
5823 1431 1572
5834 1428 1591
5837 1427 1672
5850 1186 1735
5851 1575 1774
5855 1552 1696
5861 1543 1608
5867 1458 1584
5876 1540 1568
5877 1556 1648
5878 1444 1580
5879 1509 1518
5891 1424 1559
5903 1437 1626
5906 1452 1604
5911 1001 1641
5918 1563 1737
5923 1432 1544
5925 1591 1766
5927 1540 1582
5933 1469 1551
5937 1520 1691
5938 1576 1711
5940 991 1639
5943 1480 1524
5946 1570 1663
5949 1558 1676
5954 1556 1701
5956 1559 1653
5962 1383 1643
5965 1421 1534
5971 1424 1629
5974 1561 1708
5977 1558 1672
5980 1441 1548
5983 1508 1526
5987 1528 1534
5992 1554 1623
5995 1568 1668
6008 1551 1631
6009 1031 1641
6010 1417 1579
6018 1555 1703
6020 1407 1528
6022 1462 1538
6028 1580 1717
6030 1464 1531
6033 1567 1732
6034 1563 1679
6046 1174 1598
6050 1560 1679
6051 1554 1703
6068 1547 1719
6069 1383 1644
6074 1562 1665
6083 1433 1545
6084 1423 1596
6094 1552 1694
6095 1460 1591
6098 1412 1641
6106 1582 1666
6112 1121 1592
6115 1530 1579
6116 1471 1547
6120 1195 1622
6122 1496 1684
6123 1447 1672
6133 1542 1562
6138 1529 1563
6145 1048 1636
6153 1462 1601
6154 1436 1672
6156 1408 1649
6159 1561 1724
6163 1525 1692
6164 1544 1571
6165 1486 1520
6170 1557 1714
6171 1570 1695
6178 1583 1774
6179 1477 1531
6181 1459 1547
6186 1574 1665
6189 1433 1665
6192 1451 1548
6193 1472 1586
6203 1562 1676
6205 1420 1645
6207 1559 1703
6212 1421 1682
6227 1465 1577
6232 1547 1731
6236 1577 1685
6243 1016 1709
6245 1552 1620
10 1389 1673
11 1457 1542
15 1567 1731
30 1477 1583
33 1524 1688
36 1419 1559
37 1461 1597
40 1576 1662
42 1470 1543
55 1553 1714
63 1553 1665
66 1488 1610
67 1583 1776
75 1406 1532
83 1479 1591
93 1531 1567
96 1582 1684
103 1445 1560
117 1490 1519
122 1576 1652
140 1443 1669
159 1430 1550
162 1431 1560
168 1503 1685
173 1397 1641
179 1042 1542
180 1588 1687
183 1432 1622
185 1430 1553
198 1540 1595
200 1454 1582
201 1129 1586
206 1423 1572
213 1473 1541
216 1428 1583
219 1398 1639
228 1579 1675
233 1425 1676
240 1419 1630
254 1547 1736
264 1413 1583
266 1565 1689
270 1536 1550
275 1419 1543
281 1161 1602
285 1557 1668
287 1381 1528
290 1588 1712
291 1556 1789
292 1476 1740
298 1429 1705
305 1487 1692
306 1383 1525
308 1579 1784
309 1401 1560
311 1412 1587
319 1563 1646
320 1547 1797
322 1574 1740
324 1601 1771
331 1479 1692
334 1398 1696
337 975 1652
338 1383 1529
346 1586 1749
353 1633 1670
359 1415 1593
364 1326 1670
374 1578 1649
378 1604 1704
379 1611 1667
382 1289 1524
389 1547 1583
390 1139 1572
391 1624 1663
392 1180 1669
396 1373 1682
408 1534 1705
413 1563 1788
422 1478 1709
425 1603 1678
427 1546 1556
443 1200 1699
445 1619 1670
446 1548 1547
453 1510 1702
455 1469 1692
457 1599 1690
461 1147 1577
467 1597 1702
468 1596 1736
479 1589 1685
486 1595 1784
487 1601 1696
488 1589 1656
490 1423 1606
493 1574 1735
504 1574 1744
505 1586 1651
511 1309 1562
512 1344 1657
517 1396 1556
520 1045 1737
521 1612 1671
542 1529 1694
544 1598 1706
545 1349 1666
552 1412 1519
553 1550 1598
561 1541 1538
565 1184 1594
566 1400 1552
570 1610 1704
578 1454 1531
586 1536 1527
596 1528 1525
598 1522 1515
609 1556 1558
616 1442 1526
623 1514 1707
638 1396 1587
640 1458 1681
641 1537 1689
643 1152 1581
644 1598 1688
650 1586 1658
662 1549 1600
678 1559 1557
681 1472 1694
685 1382 1534
686 1550 1605
689 1566 1746
695 1042 1523
698 1495 1709
703 1464 1684
706 1577 1789
708 1395 1690
714 1549 1564
715 1497 1695
718 1541 1710
722 1535 1520
734 1574 1784
739 1420 1513
756 1476 1716
759 1353 1641
761 1422 1541
767 1490 1719
769 1541 1541
776 1557 1577
779 1601 1700
789 1036 1537
790 1578 1785
793 988 1627
796 1487 1718
797 1562 1615
802 1374 1547
811 1553 1566
823 1594 1681
824 1532 1520
826 1430 1694
831 1457 1522
835 1608 1656
838 1607 1660
851 1524 1707
858 1459 1699
860 1385 1535
876 1181 1679
877 1589 1705
882 1555 1801
883 1338 1657
884 1588 1715
889 1555 1746
896 1422 1605
910 1373 1684
912 1488 1688
920 1589 1724
921 1585 1650
922 1472 1522
927 1440 1534
935 1386 1551
936 1464 1695
939 1599 1654
945 1533 1711
951 1570 1648
975 1593 1718
976 1390 1526
978 1598 1712
987 1557 1623
988 1591 1721
995 1530 1526
1011 1601 1651
1018 1594 1711
1019 1555 1590
1023 1601 1675
1025 1323 1564
1034 1592 1716
1035 1474 1735
1041 1327 1650
1054 1605 1654
1058 1402 1517
1060 1554 1541
1065 1560 1634
1066 1608 1676
1091 1530 1705
1100 1408 1620
1101 1604 1657
1104 1343 1651
1106 1379 1543
1114 1555 1559
1116 1540 1699
1123 1626 1668
1124 1401 1699
1130 1083 1599
1133 1554 1793
1136 1304 1579
1141 1483 1723
1163 1590 1712
1165 1510 1705
1180 1336 1668
1186 1545 1531
1187 1406 1518
1205 1499 1701
1207 1345 1676
1209 1594 1690
1215 1585 1656
1221 1396 1516
1228 1298 1563
1239 1534 1530
1243 1153 1583
1244 1459 1518
1249 1565 1755
1254 1531 1709
1256 1574 1760
1262 1471 1519
1277 1605 1675
1291 1073 1603
1303 1590 1686
1309 1427 1707
1312 1505 1714
1313 1010 1704
1320 1592 1746
1321 1445 1535
1322 1517 1512
1329 1532 1700
1331 1426 1693
1340 1594 1720
1344 1583 1739
1353 1592 1777
1365 1441 1688
1368 1547 1605
1381 1381 1547
1394 1556 1544
1406 1552 1593
1407 1419 1623
1412 1397 1551
1416 1595 1773
1417 1561 1644
1422 1583 1648
1424 1040 1530
1427 1551 1561
1428 1546 1551
1440 1515 1700
1446 1585 1753
1449 1581 1647
1450 1331 1644
1461 1549 1590
1468 1591 1700
1476 1591 1656
1482 1605 1700
1483 1401 1562
1491 1588 1640
1497 1384 1554
1524 1404 1550
1534 1443 1532
1536 1553 1544
1541 1627 1663
1547 1488 1712
1553 1424 1609
1561 1368 1683
1564 1486 1726
1569 1361 1681
1570 1411 1695
1573 1584 1751
1590 1084 1604
1592 1532 1691
1600 1385 1549
1618 1579 1741
1619 1513 1520
1631 1197 1600
1632 1398 1553
1635 1595 1671
1659 1415 1620
1663 1452 1523
1684 1046 1523
1686 1542 1532
1693 1551 1538
1694 1529 1703
1702 1587 1787
1711 1589 1648
1722 1406 1515
1724 1410 1508
1726 1505 1693
1729 1568 1649
1736 1123 1585
1757 1597 1665
1760 1474 1687
1764 1581 1730
1768 1559 1566
1770 1421 1515
1783 1341 1676
1785 1436 1533
1790 1562 1625
1793 1207 1721
1795 1477 1717
1805 1399 1591
1815 1387 1528
1819 1590 1668
1828 1507 1703
1840 1382 1684
1842 1581 1746
1847 1425 1689
1851 1454 1729
1866 1563 1607
1882 1283 1533
1885 1296 1523
1887 1400 1707
1888 1472 1691
1899 1311 1560
1901 1339 1648
1906 1408 1628
1911 1561 1624
1916 1522 1702
1917 1576 1791
1923 1321 1556
1927 1623 1669
1928 1394 1514
1930 1454 1522
1932 1486 1724
1936 976 1672
1947 1526 1709
1950 1554 1790
1952 1573 1761
1965 1611 1689
1983 1533 1531
1985 1001 1704
1990 1534 1695
1991 1475 1516
1992 1535 1523
1997 1576 1761
2003 1517 1702
2006 1597 1669
2007 976 1676
2009 1597 1684
2010 1554 1592
2011 1469 1722
2017 1485 1697
2020 1195 1599
2021 1400 1695
2048 1573 1748
2050 1514 1705
2053 1416 1705
2057 1382 1544
2058 1441 1531
2063 1540 1687
2065 1412 1610
2068 1551 1566
2070 1352 1684
2072 1464 1709
2074 1469 1709
2078 1412 1703
2090 1555 1582
2091 1072 1598
2092 1591 1748
2095 1507 1705
2103 1393 1519
2106 1595 1697
2108 1461 1716
2109 1569 1737
2111 1544 1548
2116 1641 1668
2117 1405 1616
2122 1560 1761
2123 1495 1517
2128 1585 1719
2150 1428 1614
2151 1441 1528
2152 1462 1524
2179 1412 1614
2180 1467 1711
2181 1545 1592
2183 1594 1730
2185 1295 1538
2189 1554 1609
2192 1503 1701
2195 1459 1676
2199 1327 1552
2202 1185 1602
2203 1401 1522
2208 1492 1712
2212 1400 1510
2223 1406 1578
2235 1615 1658
2242 1599 1705
2243 1108 1594
2251 1385 1524
2267 1551 1796
2269 1549 1531
2273 1575 1751
2278 1567 1641
2279 1594 1706
2284 1556 1753
2285 1461 1685
2286 997 1625
2289 1589 1727
2301 1462 1708
2304 1169 1709
2308 1569 1762
2316 1545 1594
2321 1408 1717
2326 1475 1722
2328 1398 1555
2332 1589 1678
2336 1507 1715
2347 1452 1687
2353 1583 1746
2354 1612 1656
2356 1388 1537
2360 1456 1727
2362 1599 1681
2371 1518 1516
2375 1553 1746
2380 1536 1697
2382 1406 1629
2390 1556 1621
2391 1399 1575
2395 1601 1673
2398 1608 1670
2402 976 1660
2403 1598 1673
2415 1343 1659
2419 1465 1691
2421 1042 1624
2433 1549 1537
2436 1175 1583
2442 1578 1761
2446 1613 1691
2448 1621 1666
2450 1195 1677
2452 1449 1680
2454 1166 1679
2455 1293 1537
2457 1322 1666
2461 1441 1540
2488 1577 1749
2498 1465 1518
2505 1619 1666
2509 1555 1759
2510 1033 1539
2512 1395 1622
2524 1545 1589
2525 1410 1589
2527 1489 1693
2547 1551 1573
2552 1592 1692
2553 1186 1600
2555 1572 1743
2557 1560 1619
2572 1484 1716
2581 1470 1680
2585 1390 1690
2589 1446 1537
2590 1472 1723
2597 1552 1754
2598 1597 1781
2599 1541 1533
2600 1369 1684
2601 1401 1586
2602 1558 1757
2603 1409 1710
2610 1540 1528
2619 1401 1588
2630 1527 1521
2631 1400 1629
2632 1322 1669
2638 1551 1536
2641 1473 1708
2666 1468 1681
2667 1555 1573
2668 1347 1656
2669 1547 1576
2675 1413 1713
2678 1398 1584
2687 1502 1516
2691 1434 1543
2692 1630 1664
2706 1432 1698
2708 1405 1710
2725 1426 1702
2732 1320 1651
2742 1438 1532
2748 1535 1532
2750 1381 1536
2751 1477 1727
2757 1399 1701
2758 1449 1688
2759 1518 1713
2764 1584 1733
2773 1522 1705
2780 1280 1525
2786 1346 1670
2789 1545 1577
2792 1604 1717
2793 1483 1516
2796 1004 1721
2798 1505 1712
2800 1632 1671
2807 1598 1666
2812 1297 1567
2816 1603 1658
2819 1549 1739
2820 1523 1521
2822 1459 1530
2832 1166 1693
2833 1152 1586
2834 1032 1531
2846 1400 1618
2847 1538 1529
2848 1399 1618
2852 1546 1545
2861 1189 1693
2862 1544 1539
2865 1584 1782
2867 1450 1532
2875 1016 1731
2876 1390 1544
2877 1463 1712
2881 1394 1530
2882 1497 1711
2886 1582 1757
2887 1609 1661
2888 1401 1627
2889 1460 1731
2892 1430 1539
2895 1437 1687
2908 1389 1546
2909 1431 1691
2917 1414 1705
2919 1317 1660
2923 1591 1697
2928 1537 1718
2929 1590 1750
2948 1435 1689
2952 1554 1796
2956 1457 1682
2958 1459 1521
2964 1415 1515
2965 1327 1666
2967 1410 1511
2973 1415 1510
2992 1591 1693
2993 1606 1667
2998 1406 1617
2999 1549 1580
3000 1534 1712
3006 1284 1525
3008 1601 1717
3012 1553 1547
3014 1475 1519
3016 1594 1650
3017 1489 1715
3021 1552 1601
3024 1574 1789
3028 1596 1713
3036 1434 1537
3050 1564 1593
3069 1124 1578
3082 1400 1555
3087 1493 1719
3088 1383 1552
3089 1589 1709
3092 1562 1749
3095 1609 1705
3097 1414 1608
3099 1142 1576
3108 1132 1575
3110 1552 1558
3112 1590 1652
3125 1515 1710
3131 1419 1510
3133 1592 1650
3134 1376 1551
3137 1405 1547
3139 1320 1653
3143 1546 1690
3147 1309 1559
3149 1566 1800
3151 1559 1751
3163 1062 1757
3166 1306 1565
3168 1602 1660
3170 1596 1777
3175 1497 1720
3189 1573 1796
3192 1472 1741
3198 1590 1673
3203 1489 1717
3204 1310 1550
3211 1591 1673
3244 1399 1573
3245 1603 1710
3246 993 1629
3249 1480 1694
3259 1393 1548
3263 1561 1744
3265 1559 1626
3280 1023 1637
3284 1587 1663
3298 1500 1702
3300 1402 1563
3301 1523 1711
3304 1563 1630
3305 1579 1640
3311 1476 1522
3319 1578 1731
3321 1145 1579
3326 1414 1586
3336 1550 1560
3349 1456 1708
3354 1542 1700
3359 1483 1730
3362 1326 1548
3366 1384 1540
3383 1400 1550
3399 1492 1706
3403 1420 1615
3405 1591 1732
3407 1489 1687
3408 1303 1578
3413 1392 1546
3418 1538 1535
3420 1558 1619
3421 1588 1753
3422 1467 1691
3426 1525 1521
3428 1036 1626
3429 1089 1606
3434 1470 1524
3435 1538 1704
3438 1562 1640
3439 1556 1562
3452 1171 1590
3454 1578 1758
3455 1599 1683
3459 1602 1707
3464 1571 1786
3480 1604 1713
3481 1455 1679
3486 1354 1671
3491 1559 1598
3492 1588 1731
3500 1637 1668
3502 1146 1581
3505 1454 1680
3508 1584 1637
3511 1473 1719
3520 1562 1611
3528 1102 1593
3535 1395 1627
3551 1576 1753
3554 1451 1526
3562 1383 1698
3563 1590 1679
3572 1416 1606
3580 1504 1700
3590 1518 1701
3595 1372 1681
3597 1460 1528
3603 1602 1670
3605 1594 1704
3606 1536 1692
3608 1561 1760
3609 1421 1692
3613 1605 1684
3617 1316 1559
3618 1301 1574
3621 1109 1583
3636 1498 1705
3637 1398 1574
3642 1501 1715
3648 1588 1747
3659 1090 1594
3666 1627 1699
3672 1456 1513
3674 1361 1521
3675 1609 1712
3684 1629 1694
3686 1352 1568
3689 1341 1701
3693 1562 1566
3696 1367 1511
3707 1589 1796
3711 1571 1620
3713 1108 1555
3718 1614 1726
3724 1361 1631
3728 1640 1694
3733 1304 1518
3738 1575 1805
3744 1549 1526
3746 1617 1726
3749 1371 1637
3756 1382 1731
3757 1566 1631
3760 1063 1590
3762 1443 1704
3765 1484 1514
3766 1324 1616
3769 1322 1570
3775 1651 1679
3776 1527 1729
3784 1311 1659
3791 1368 1564
3795 1039 1606
3798 1364 1637
3803 1280 1594
3806 1539 1733
3810 1613 1728
3813 1299 1520
3814 1582 1798
3818 1304 1523
3819 1140 1568
3823 1295 1513
3827 1566 1557
3831 1262 1548
3839 1638 1679
3847 1405 1752
3850 1562 1543
3862 1307 1501
3868 1039 1511
3878 1639 1695
3882 1658 1657
3883 1366 1535
3887 1437 1516
3894 1626 1687
3897 1304 1533
3900 1567 1634
3901 1337 1598
3904 1316 1582
3908 1389 1716
3927 1543 1520
3928 1319 1623
3929 1298 1543
3936 1641 1652
3938 1558 1591
3943 994 1734
3945 1609 1737
3947 1342 1604
3951 1390 1623
3954 1571 1610
3961 1565 1618
3967 1299 1605
3975 1613 1647
3980 1393 1493
3984 1560 1549
3987 1390 1562
4005 1437 1514
4019 1392 1607
4022 1072 1548
4025 1565 1623
4027 1308 1632
4032 1339 1565
4041 1508 1717
4048 1552 1520
4051 1064 1564
4053 1447 1710
4069 1063 1550
4077 1345 1691
4086 1521 1505
4093 1280 1551
4098 1528 1515
4104 1514 1720
4105 1617 1688
4107 1544 1736
4112 1600 1762
4113 1648 1657
4117 1272 1524
4118 1341 1640
4123 1359 1623
4124 1599 1635
4130 1571 1553
4132 1315 1519
4136 1371 1547
4164 1518 1506
4168 1332 1602
4179 1454 1514
4186 1646 1682
4187 1625 1696
4189 1614 1640
4191 1295 1510
4214 1602 1640
4215 1592 1797
4216 1433 1714
4232 1421 1725
4237 1569 1617
4239 1567 1588
4259 1367 1513
4262 1406 1493
4267 1561 1541
4276 1184 1666
4287 1082 1592
4289 1377 1763
4290 1563 1589
4293 1372 1506
4298 1364 1532
4299 1625 1704
4304 1651 1681
4313 1645 1691
4316 1539 1514
4317 1031 1619
4319 1573 1635
4323 1384 1511
4325 1632 1692
4329 1620 1643
4332 1572 1548
4340 1377 1496
4345 1618 1711
4360 983 1614
4366 1064 1561
4368 1558 1581
4369 1628 1681
4377 1377 1533
4379 1433 1720
4381 1664 1666
4390 1392 1772
4394 1646 1661
4395 1371 1510
4397 1279 1521
4398 1560 1591
4399 1300 1527
4404 1289 1673
4410 1607 1749
4412 1537 1726
4421 1619 1715
4423 1603 1747
4424 1068 1541
4429 1223 1624
4437 1642 1665
4440 1448 1517
4443 1558 1805
4449 1597 1764
4450 1157 1570
4455 1361 1634
4457 1450 1693
4473 1315 1620
4480 1567 1616
4495 969 1650
4506 1329 1694
4510 1594 1752
4516 1000 1610
4517 1273 1566
4529 1346 1688
4552 1334 1582
4553 1653 1666
4557 1500 1722
4561 1362 1763
4563 1138 1551
4564 1605 1735
4567 1425 1533
4574 1198 1658
4581 1098 1580
4584 1457 1518
4585 1605 1743
4588 1567 1582
4590 1116 1572
4599 967 1666
4602 1381 1625
4603 1348 1551
4615 1408 1497
4619 1608 1647
4620 1035 1761
4627 1509 1729
4628 1282 1515
4631 1193 1664
4636 1365 1699
4637 1309 1604
4641 1531 1736
4642 1370 1552
4643 1616 1728
4649 1336 1552
4653 1612 1702
4656 1029 1611
4674 1431 1707
4675 1516 1508
4679 1583 1800
4686 1559 1569
4688 1159 1563
4691 973 1634
4709 1371 1626
4711 1211 1620
4716 1484 1698
4722 1378 1557
4725 1339 1604
4726 1408 1500
4732 1329 1566
4736 1467 1512
4737 1397 1734
4748 1599 1737
4765 1659 1669
4767 1601 1786
4777 1527 1727
4781 1362 1557
4784 1559 1807
4785 1318 1578
4789 995 1608
4791 1456 1693
4792 1485 1702
4799 1563 1580
4802 1387 1630
4808 1648 1654
4817 1032 1609
4826 1445 1517
4827 1652 1668
4830 1279 1553
4832 1614 1682
4833 1388 1629
4835 1519 1507
4840 1561 1561
4847 1556 1587
4848 1600 1784
4854 1560 1573
4855 1285 1558
4859 1305 1537
4861 1412 1500
4867 1418 1730
4869 1450 1511
4872 1326 1627
4875 1280 1502
4876 1384 1736
4878 1413 1735
4879 1614 1701
4880 1639 1672
4883 1364 1566
4885 1210 1678
4893 1163 1571
4899 1648 1686
4903 1571 1631
4906 1569 1573
4910 1380 1590
4911 1613 1678
4916 1580 1804
4922 1394 1772
4924 1337 1688
4925 1654 1682
4927 1305 1604
4932 1462 1744
4941 1212 1642
4942 1041 1600
4944 1529 1729
4954 1611 1735
4962 1051 1597
4968 994 1606
4984 1561 1593
4998 1375 1564
5004 1569 1639
5019 1622 1677
5023 1527 1514
5037 1382 1517
5045 1558 1583
5049 1200 1600
5053 1614 1674
5068 1357 1560
5073 1434 1526
5074 1558 1593
5077 1397 1505
5086 1651 1654
5100 1341 1611
5110 1366 1686
5114 1303 1669
5122 1620 1717
5129 1640 1677
5130 1632 1649
5131 1514 1717
5149 1533 1734
5160 1658 1678
5162 1599 1749
5173 1598 1761
5178 1631 1683
5190 1638 1654
5192 1357 1625
5193 1393 1573
5198 1142 1559
5199 1373 1630
5200 1453 1512
5207 1455 1751
5208 1626 1691
5210 1544 1730
5212 1381 1509
5219 1334 1579
5226 1360 1689
5233 1312 1506
5234 1276 1545
5240 1526 1508
5242 1369 1520
5248 1652 1684
5249 1507 1728
5251 1358 1640
5264 1302 1507
5277 1653 1656
5278 1409 1501
5286 1269 1522
5288 1282 1675
5291 1575 1586
5303 1321 1521
5304 1309 1516
5311 1614 1730
5314 1435 1517
5318 1612 1733
5323 1414 1494
5327 1425 1531
5333 1315 1606
5335 1637 1683
5342 1371 1502
5345 1645 1689
5347 1561 1771
5353 1053 1557
5365 1311 1512
5366 1280 1565
5367 1331 1556
5368 1548 1773
5371 1283 1546
5379 1478 1513
5384 1376 1543
5388 1467 1744
5408 1460 1695
5409 1442 1701
5414 1550 1517
5415 1629 1673
5430 1307 1628
5435 1333 1621
5440 1553 1527
5446 1385 1620
5452 1552 1805
5458 1561 1536
5464 1565 1599
5468 1462 1512
5469 1582 1575
5470 1262 1537
5472 1338 1560
5482 1287 1499
5483 966 1667
5485 1557 1771
5491 1369 1506
5501 1385 1501
5507 1304 1529
5509 1368 1759
5514 1440 1510
5517 1357 1551
5529 1596 1790
5548 1424 1732
5551 1032 1523
5553 1355 1556
5555 1593 1760
5561 1439 1520
5562 1605 1642
5563 1459 1745
5564 1103 1553
5567 1393 1509
5573 1655 1674
5579 1275 1593
5582 1598 1754
5587 1564 1538
5588 1575 1802
5593 1286 1550
5596 1642 1681
5601 1410 1495
5611 1295 1495
5613 1560 1586
5614 1384 1633
5620 1531 1725
5625 1376 1498
5630 1621 1695
5631 1617 1724
5634 1560 1530
5642 1527 1509
5670 1451 1520
5672 1518 1732
5674 1623 1673
5682 1539 1726
5689 1417 1744
5693 1395 1572
5703 1541 1726
5704 1114 1563
5705 1572 1563
5708 1225 1714
5713 1557 1775
5717 1421 1499
5719 1615 1672
5720 1609 1775
5721 1291 1545
5727 1321 1609
5734 1386 1513
5735 1388 1743
5736 1362 1516
5748 1537 1742
5756 1329 1638
5757 1300 1541
5766 1610 1736
5768 1611 1781
5773 1337 1625
5784 1543 1721
5793 1386 1503
5798 1565 1544
5803 1057 1536
5805 1443 1699
5806 1314 1517
5810 1185 1582
5813 1615 1724
5817 1620 1678
5818 1622 1716
5819 1421 1718
5829 1311 1543
5830 1309 1587
5839 1127 1566
5844 1614 1695
5846 1561 1588
5847 1598 1632
5849 1627 1649
5858 1268 1527
5886 1616 1714
5887 1314 1595
5897 1361 1526
5899 1209 1620
5905 1340 1613
5907 1611 1647
5912 1570 1559
5915 1405 1496
5916 1648 1652
5920 1620 1689
5922 1291 1505
5931 1597 1742
5932 1310 1542
5934 1157 1564
5936 1616 1711
5941 1064 1593
5944 1390 1504
5945 1384 1514
5947 1058 1596
5950 1273 1546
5951 1393 1491
5957 1656 1664
5959 1349 1549
5972 1596 1749
5975 1132 1555
5989 1546 1526
5990 1372 1550
5998 1572 1771
6000 1556 1531
6007 1448 1507
6011 1597 1751
6017 1624 1672
6024 1438 1706
6035 1385 1640
6036 1371 1693
6052 1513 1725
6053 1397 1729
6054 1120 1550
6065 1363 1550
6066 1621 1645
6071 1536 1517
6075 1367 1553
6077 972 1671
6086 1310 1661
6097 1458 1509
6101 1471 1511
6102 1442 1721
6107 1552 1765
6111 1450 1518
6125 1452 1700
6141 1379 1509
6144 1564 1769
6155 1572 1565
6157 1581 1576
6168 1529 1718
6175 1634 1688
6182 1308 1510
6185 1302 1543
6188 1354 1563
6194 1050 1607
6208 1460 1507
6221 1262 1542
6224 1524 1716
6228 1613 1675
6229 1645 1651
6230 1373 1507
6231 1277 1548
6233 1313 1689
6234 1048 1594
6244 1368 1635
6256 1272 1593
1 1624 1689
8 1395 1722
14 1551 1808
23 1432 1528
27 1618 1678
39 1327 1571
46 1392 1570
51 1589 1765
56 1571 1603
60 1616 1689
68 1450 1716
69 1578 1591
70 1590 1755
73 1283 1574
74 1661 1660
82 1610 1643
88 1281 1576
89 1395 1499
98 1532 1512
109 1547 1515
114 1423 1532
116 1548 1812
125 1342 1552
139 1385 1495
144 1434 1520
145 1347 1562
147 1561 1545
149 1625 1707
153 1613 1717
156 1358 1554
160 1555 1526
161 1384 1626
163 1321 1691
165 1394 1602
167 1045 1515
169 1048 1615
176 1606 1729
177 1526 1721
178 1641 1664
186 1374 1707
187 1602 1736
188 1388 1570
190 1525 1735
209 1338 1563
211 1369 1732
223 1368 1521
238 1208 1629
255 1285 1571
262 1587 1637
265 1332 1577
267 1569 1806
271 1347 1633
280 1396 1509
283 1361 1548
304 1541 1745
307 1615 1710
315 1571 1613
323 1616 1693
327 1554 1779
335 1339 1561
340 1277 1569
352 1376 1563
362 1436 1515
370 1568 1545
385 1542 1802
398 1543 1523
401 1324 1563
409 1402 1492
412 1389 1513
414 1407 1498
416 1389 1595
423 1307 1531
432 1268 1532
439 1372 1528
441 1304 1674
447 1632 1679
448 1374 1543
450 1513 1715
451 1595 1631
454 1650 1671
459 1368 1750
460 1609 1639
462 1522 1510
465 1600 1644
472 1633 1700
475 1412 1497
483 1211 1607
484 1623 1684
489 1478 1697
492 1513 1728
496 1278 1597
500 1548 1805
522 1313 1524
526 1434 1717
533 1441 1516
534 1642 1647
537 1587 1798
543 1627 1704
551 1271 1537
555 1510 1720
557 1429 1519
559 1602 1642
571 989 1695
575 1609 1720
583 1621 1680
588 1309 1545
589 1552 1761
592 1208 1647
600 1374 1714
602 1485 1700
606 1606 1740
608 1288 1506
612 1381 1640
615 1338 1601
620 1293 1564
621 1350 1616
622 1657 1668
628 1445 1514
636 1384 1562
639 1265 1547
645 1376 1518
655 1413 1502
668 1020 1614
674 1362 1534
684 1633 1657
696 1574 1588
697 1295 1608
700 1649 1687
710 1342 1693
711 1015 1590
712 1538 1738
724 1629 1684
726 1096 1558
735 1340 1618
741 987 1609
743 1561 1529
753 1428 1726
754 1049 1539
758 1567 1638
760 1506 1721
768 1561 1582
770 1527 1504
774 965 1653
777 1340 1570
781 1378 1520
782 1338 1566
786 1356 1630
791 1331 1621
799 1400 1501
801 1608 1771
808 1596 1763
813 1562 1591
825 1610 1773
827 1381 1568
829 1401 1496
842 1346 1555
849 1390 1721
852 1413 1505
854 1647 1674
855 1320 1682
863 1069 1569
873 1520 1509
880 1399 1610
892 1373 1700
893 1442 1705
898 1375 1726
906 1287 1587
914 1573 1767
917 1289 1504
919 1559 1524
924 1447 1508
926 1324 1592
932 1500 1727
933 1391 1594
947 1454 1754
961 1355 1570
971 1068 1560
981 1564 1570
989 1378 1497
990 1638 1688
991 1425 1729
993 1655 1662
1001 1357 1556
1005 1428 1533
1007 1656 1675
1008 1627 1654
1009 1435 1705
1013 1220 1630
1029 1315 1514
1036 1390 1566
1039 1371 1701
1043 1264 1536
1049 1408 1746
1052 1050 1602
1055 1280 1555
1056 1331 1600
1057 1602 1740
1059 1430 1529
1061 1338 1595
1069 1601 1744
1084 1414 1496
1085 1571 1591
1089 1599 1741
1093 1542 1733
1099 1564 1590
1109 1621 1713
1110 1282 1560
1112 1381 1512
1113 1394 1733
1118 1410 1728
1128 1267 1515
1131 1531 1730
1138 1404 1736
1142 1601 1637
1143 1020 1535
1151 1635 1698
1154 1636 1697
1160 1643 1692
1161 1647 1678
1162 1296 1539
1173 1187 1583
1176 1575 1582
1177 1608 1711
1184 1374 1510
1189 1577 1641
1196 1615 1641
1198 1312 1638
1204 1605 1745
1214 1442 1697
1217 1382 1701
1219 1612 1766
1223 1318 1697
1227 1304 1596
1229 1533 1740
1241 1345 1610
1245 1415 1504
1247 1594 1746
1248 1012 1598
1255 1565 1576
1263 1342 1563
1267 1389 1620
1268 1548 1529
1271 1309 1606
1272 1331 1548
1276 1365 1508
1279 1390 1632
1283 1601 1761
1285 1285 1516
1286 1422 1536
1287 1298 1643
1289 1360 1638
1292 1394 1591
1293 1606 1773
1294 1563 1585
1296 1345 1622
1298 990 1618
1299 1565 1564
1300 1568 1538
1302 1646 1658
1310 1548 1768
1311 1551 1519
1317 1629 1646
1319 1546 1521
1325 1611 1770
1333 1429 1531
1348 1311 1683
1351 1321 1583
1358 1588 1756
1359 1105 1563
1371 1543 1811
1375 1618 1684
1376 1456 1739
1385 1392 1728
1387 1108 1565
1388 1110 1576
1390 1301 1525
1391 1569 1626
1392 1047 1579
1415 1565 1551
1420 1362 1566
1421 1599 1792
1423 1376 1698
1426 1388 1625
1430 1603 1781
1431 1326 1577
1432 1297 1500
1434 1071 1570
1436 1027 1528
1452 1551 1522
1456 1442 1711
1465 1131 1561
1473 1440 1782
1481 1382 1468
1485 1339 1457
1486 1367 1709
1493 1344 1511
1501 1059 1521
1502 1446 1737
1503 1343 1709
1504 1654 1687
1511 1574 1628
1514 1237 1607
1515 1567 1525
1521 1383 1796
1522 1472 1509
1523 1558 1508
1528 1356 1490
1529 1665 1665
1557 1433 1752
1559 1352 1712
1560 1618 1777
1563 1371 1487
1566 1506 1510
1572 1549 1825
1579 1412 1482
1580 1584 1548
1584 1254 1523
1586 1580 1814
1587 1441 1743
1589 1500 1875
1591 995 1595
1596 1376 1464
1597 1365 1470
1598 1547 1509
1603 1378 1477
1606 1544 1510
1610 1356 1601
1617 1254 1554
1621 1583 1556
1622 1361 1500
1628 1431 1505
1629 1569 1582
1630 1317 1502
1633 1611 1637
1646 1353 1527
1647 1645 1696
1648 1331 1503
1649 1293 1693
1650 1663 1685
1664 1358 1581
1670 1644 1698
1674 1545 1819
1676 1389 1617
1680 1027 1583
1682 1571 1818
1685 974 1605
1689 1622 1769
1690 1569 1817
1691 1383 1608
1695 1591 1570
1697 1521 1735
1700 1354 1492
1704 1479 1501
1705 1543 1760
1708 1381 1483
1712 1341 1458
1713 1616 1637
1728 1354 1600
1738 1451 1499
1744 1359 1492
1749 1485 1503
1758 1321 1500
1759 1625 1641
1763 1359 1496
1767 1287 1684
1772 1586 1571
1775 1249 1534
1780 1441 1735
1782 1576 1534
1788 1345 1482
1794 1460 1496
1796 964 1667
1798 1375 1600
1799 1583 1812
1806 1051 1549
1811 1316 1492
1816 1671 1657
1821 1599 1628
1822 1251 1571
1824 1656 1697
1827 1407 1765
1832 1046 1570
1835 1662 1650
1837 1415 1769
1841 1258 1544
1844 1460 1503
1849 1408 1491
1852 1332 1505
1853 1410 1793
1854 1349 1482
1859 1437 1796
1873 1422 1507
1884 1032 1594
1895 1331 1722
1903 1202 1573
1905 982 1589
1909 1619 1735
1913 1544 1762
1914 1357 1467
1919 1322 1479
1925 1404 1477
1929 1614 1638
1931 1248 1554
1933 1352 1479
1941 1341 1705
1942 1631 1707
1959 1538 1503
1963 1244 1545
1970 1355 1528
1979 1147 1533
1993 1585 1805
2002 1496 1509
2005 1336 1478
2008 1671 1675
2018 1487 1882
2024 1494 1513
2025 1578 1535
2041 1461 1500
2043 1395 1471
2046 1380 1592
2047 1343 1514
2049 1389 1611
2056 1571 1530
2062 1335 1456
2075 1356 1464
2077 1319 1482
2080 1523 1501
2081 1438 1784
2082 1333 1490
2083 1507 1514
2094 1347 1600
2105 1582 1606
2113 1433 1504
2118 1427 1779
2120 1255 1681
2125 1427 1765
2126 1380 1486
2127 1505 1515
2129 1399 1478
2133 1385 1606
2135 1505 1875
2141 1311 1656
2142 1432 1773
2144 1240 1611
2167 1041 1595
2176 1350 1476
2177 957 1642
2184 1649 1640
2186 1346 1484
2190 1338 1486
2194 1028 1589
2196 1624 1724
2200 1615 1742
2205 1209 1662
2207 1341 1471
2218 1433 1788
2220 1491 1509
2221 1231 1620
2226 1372 1471
2233 1671 1650
2244 1587 1587
2245 1592 1573
2249 1339 1460
2254 1375 1477
2262 1482 1873
2266 1351 1519
2271 1218 1653
2274 1259 1567
2275 1273 1506
2276 1534 1753
2281 1357 1578
2282 1502 1858
2297 1343 1463
2299 1578 1532
2302 1393 1479
2307 1357 1609
2311 1579 1586
2320 1578 1637
2334 1580 1621
2343 1510 1859
2349 1359 1722
2352 1218 1671
2355 1578 1552
2361 1605 1621
2365 1368 1459
2366 1361 1609
2369 1529 1744
2374 1361 1619
2384 1427 1501
2385 1662 1655
2387 1353 1517
2392 1376 1489
2397 1381 1587
2399 1391 1472
2401 1557 1521
2404 1200 1567
2410 1013 1567
2411 1471 1752
2429 1310 1654
2440 1507 1741
2444 1343 1758
2463 1638 1638
2470 1347 1545
2479 1250 1546
2481 1337 1527
2482 1620 1725
2483 1241 1638
2486 1584 1594
2491 1578 1565
2494 1249 1525
2501 1393 1469
2502 1663 1682
2511 1351 1487
2514 1440 1770
2521 1368 1588
2543 1533 1504
2549 1382 1583
2566 1474 1746
2570 1646 1703
2576 1632 1716
2578 1404 1481
2587 1547 1824
2592 1626 1713
2594 1629 1721
2605 1645 1647
2618 1376 1470
2621 1514 1741
2623 1655 1701
2626 1046 1500
2627 1630 1639
2629 1503 1876
2634 1055 1530
2643 1354 1512
2646 1132 1545
2650 1258 1559
2651 1252 1528
2664 1549 1505
2672 1261 1621
2677 1590 1804
2680 1349 1506
2681 1385 1476
2695 1349 1590
2699 1444 1758
2705 1516 1501
2717 1452 1728
2719 1343 1466
2721 1364 1587
2723 1353 1725
2724 1399 1486
2728 1602 1791
2735 1638 1701
2743 1666 1648
2745 1327 1525
2769 1300 1652
2783 1633 1713
2784 1413 1752
2790 1624 1734
2799 1330 1527
2801 1625 1768
2804 1512 1874
2808 1380 1598
2811 1246 1555
2814 1621 1640
2821 1342 1585
2825 1211 1601
2827 1209 1670
2828 1401 1490
2844 1365 1464
2853 1632 1720
2856 1452 1503
2863 1270 1616
2874 1514 1857
2880 1332 1510
2890 1368 1579
2891 960 1668
2894 1664 1680
2900 1361 1465
2902 1497 1513
2904 1368 1494
2918 1553 1826
2927 1496 1863
2931 1558 1826
2932 1356 1499
2947 1364 1714
2950 1613 1632
2963 1534 1742
2971 1132 1529
2974 1664 1687
2975 1450 1744
2976 1577 1557
2981 1370 1456
2984 1336 1726
2997 1238 1623
3002 1361 1508
3003 1372 1602
3015 1568 1519
3019 1425 1517
3022 1515 1514
3026 1570 1520
3034 1243 1611
3035 1550 1793
3053 1302 1654
3054 1508 1868
3055 1366 1504
3057 1313 1486
3060 1594 1574
3061 1528 1507
3062 1669 1667
3063 1327 1543
3064 1655 1650
3065 1644 1710
3070 1276 1683
3073 1315 1706
3074 1574 1607
3075 969 1614
3078 1362 1470
3105 1358 1519
3111 1566 1532
3138 1326 1493
3140 1522 1499
3142 1027 1515
3144 1365 1486
3155 1488 1742
3161 1410 1485
3162 1349 1585
3164 1402 1485
3172 1669 1664
3173 1479 1505
3178 1575 1558
3179 1131 1533
3190 1610 1631
3191 1671 1683
3193 1650 1647
3199 1357 1723
3200 1388 1466
3207 1648 1700
3215 1487 1740
3226 1255 1551
3232 1306 1480
3234 1357 1485
3239 1578 1562
3241 1335 1542
3250 1616 1745
3267 1358 1621
3274 1604 1794
3278 984 1586
3281 1361 1494
3282 1609 1622
3285 1023 1588
3287 1353 1759
3288 1437 1498
3289 1380 1609
3290 1547 1777
3292 1248 1558
3303 1569 1523
3308 1469 1502
3310 1406 1788
3313 1215 1650
3315 1208 1568
3320 1338 1506
3322 1583 1580
3324 1012 1537
3330 1652 1702
3346 1332 1458
3357 1317 1489
3363 1560 1824
3376 1588 1801
3377 1555 1514
3379 1531 1823
3388 1375 1457
3393 1576 1573
3400 1355 1474
3424 1473 1507
3425 1349 1474
3431 1062 1527
3440 1638 1645
3444 1264 1607
3446 1505 1740
3450 1349 1486
3458 958 1645
3461 1576 1609
3463 1649 1703
3470 1080 1537
3474 1338 1531
3478 1466 1756
3484 1264 1591
3489 1450 1497
3490 1591 1801
3493 1457 1495
3501 1020 1555
3503 1359 1463
3506 1041 1584
3509 1368 1478
3510 1578 1539
3514 1225 1686
3531 1544 1504
3533 1349 1721
3542 1624 1637
3545 1352 1601
3555 1611 1790
3557 1670 1653
3568 1260 1549
3571 1381 1616
3574 1285 1497
3576 1381 1614
3577 1638 1708
3578 1652 1688
3585 1519 1502
3589 1613 1755
3591 1516 1735
3593 1654 1644
3598 1353 1535
3616 1651 1694
3620 1578 1605
3630 1492 1879
3632 1312 1474
3633 1599 1621
3638 1262 1521
3645 1341 1467
3646 1601 1765
3653 1554 1518
3655 1582 1572
3661 1349 1467
3664 1425 1760
3667 1468 1505
3673 1577 1578
3676 1422 1763
3680 1656 1648
3688 1486 1512
3698 1429 1506
3705 1378 1611
3710 1386 1576
3712 1339 1477
3720 1230 1612
3721 1313 1497
3730 1487 1510
3731 1113 1544
3734 1504 1734
3737 1655 1690
3743 1260 1562
3748 1577 1815
3755 1400 1484
3761 1301 1485
3764 1349 1500
3768 1375 1594
3773 1343 1493
3774 1506 1738
3777 1526 1742
3778 1268 1622
3786 1369 1492
3787 1360 1478
3794 1368 1612
3797 1347 1583
3799 1396 1483
3800 1672 1668
3802 1248 1633
3805 1384 1615
3808 1575 1565
3815 1082 1532
3821 1443 1787
3822 1279 1490
3829 1520 1742
3830 1588 1577
3836 1376 1480
3841 1582 1595
3844 1006 1589
3845 1116 1541
3858 1505 1852
3865 1273 1618
3872 1389 1480
3875 1487 1506
3885 1372 1720
3889 1335 1481
3891 1604 1627
3893 1325 1480
3896 1415 1488
3902 1364 1478
3903 1481 1502
3907 1654 1705
3910 1357 1540
3922 1356 1526
3923 1333 1545
3924 1619 1635
3934 1281 1611
3940 1320 1535
3942 1425 1503
3955 1374 1598
3958 1366 1601
3968 1438 1510
3970 1331 1520
3976 1627 1717
3989 1438 1757
3990 1616 1735
3992 962 1671
3995 1659 1690
3996 1661 1645
3999 1372 1591
4004 1330 1545
4007 1355 1455
4020 1374 1583
4023 1091 1532
4029 1577 1620
4035 1572 1528
4060 1327 1489
4062 1582 1543
4064 1621 1736
4066 1444 1783
4070 1658 1696
4071 1332 1539
4073 1524 1496
4076 1623 1629
4080 1581 1603
4089 1618 1783
4090 1353 1471
4092 1547 1814
4095 1268 1612
4101 1328 1486
4109 1667 1679
4110 1388 1484
4111 1589 1585
4119 1553 1508
4121 1354 1574
4122 1355 1595
4127 1568 1534
4147 1502 1854
4149 1570 1539
4152 1665 1646
4162 1625 1773
4167 1642 1708
4181 1581 1566
4182 1259 1595
4184 1413 1487
4193 1492 1741
4199 1211 1598
4204 1503 1865
4205 1578 1597
4207 1284 1486
4208 1279 1493
4209 1282 1616
4210 1373 1607
4211 1537 1827
4212 1580 1608
4213 1537 1828
4218 1655 1641
4220 1625 1732
4223 1269 1626
4226 1585 1575
4233 1346 1460
4241 1361 1782
4247 1336 1465
4249 1449 1734
4264 1575 1545
4265 1396 1478
4270 1359 1517
4271 1395 1486
4273 1287 1490
4274 1349 1602
4280 1562 1515
4286 1357 1522
4292 1366 1718
4294 1576 1603
4295 1665 1651
4302 1330 1711
4312 1530 1497
4314 966 1676
4318 1329 1456
4321 1043 1582
4322 1351 1530
4330 1250 1568
4333 1435 1756
4335 1541 1759
4339 1263 1516
4350 1508 1511
4351 1340 1493
4355 1219 1606
4356 1332 1473
4359 1499 1512
4362 1582 1636
4371 1351 1608
4373 1673 1664
4380 1669 1647
4386 1586 1565
4389 1533 1827
4406 1154 1557
4408 1627 1633
4415 967 1678
4422 1326 1513
4427 1163 1562
4430 1636 1716
4433 1338 1480
4434 992 1582
4435 1595 1569
4436 1251 1535
4448 1517 1499
4452 1257 1553
4463 1583 1599
4465 1128 1531
4475 1345 1503
4476 1414 1762
4478 1670 1680
4485 1513 1511
4492 1009 1735
4494 1369 1461
4496 1380 1462
4498 1329 1522
4500 1052 1544
4503 1636 1703
4505 1424 1510
4507 1258 1530
4514 1582 1589
4524 1076 1533
4525 997 1579
4531 1347 1541
4537 1500 1737
4554 1280 1687
4556 1360 1502
4571 1552 1511
4582 989 1584
4583 1521 1744
4589 1336 1499
4591 1611 1743
4592 1329 1467
4601 1036 1576
4605 1498 1874
4607 1376 1581
4617 1168 1563
4645 1076 1528
4646 1616 1753
4648 1335 1491
4651 1627 1769
4664 1419 1751
4666 1646 1694
4671 1288 1625
4683 1309 1496
4685 1372 1457
4715 1360 1574
4718 1277 1623
4721 1406 1484
4728 1338 1541
4744 1628 1766
4745 1022 1516
4746 1621 1777
4751 1332 1476
4754 1354 1469
4755 1639 1703
4759 1573 1817
4760 1349 1478
4764 1386 1474
4769 1440 1507
4771 1274 1614
4775 1593 1806
4779 1352 1592
4786 1411 1492
4798 1561 1522
4804 1025 1584
4821 963 1634
4828 1230 1604
4834 1068 1528
4838 1336 1513
4839 1268 1683
4841 1609 1750
4844 1503 1871
4862 1377 1482
4866 1518 1740
4871 1504 1731
4873 1329 1488
4881 1426 1749
4884 1348 1464
4888 1271 1498
4897 1340 1479
4908 1247 1607
4923 1216 1654
4930 1327 1506
4936 1038 1588
4945 1345 1490
4947 1336 1529
4957 1367 1454
4959 1630 1723
4969 1545 1758
4970 1499 1515
4971 1326 1483
4975 1416 1785
4976 1378 1577
4978 1576 1633
4987 1408 1482
4990 1111 1538
4992 1149 1555
5002 1343 1545
5003 1611 1627
5006 1328 1508
5010 1510 1515
5022 1584 1542
5030 1014 1574
5032 1532 1498
5039 1576 1615
5042 1431 1764
5055 1352 1617
5057 1538 1823
5062 1537 1507
5064 971 1609
5066 1025 1594
5069 1613 1787
5070 1358 1750
5075 1251 1554
5082 1584 1582
5084 1333 1533
5088 1495 1859
5093 1338 1537
5095 1667 1652
5098 1010 1573
5109 1619 1730
5118 1365 1605
5123 1440 1746
5125 1355 1486
5126 1371 1577
5128 1639 1699
5132 1370 1598
5136 1427 1774
5137 1589 1574
5140 1593 1799
5143 1362 1492
5146 1641 1642
5150 1337 1472
5156 1036 1508
5164 978 1714
5165 1363 1793
5169 1334 1498
5171 983 1720
5174 1353 1709
5175 1286 1492
5184 1400 1474
5186 1324 1711
5191 1267 1508
5195 1017 1605
5204 1530 1752
5213 1334 1464
5217 1263 1562
5229 1351 1498
5230 1343 1472
5237 1427 1515
5253 1588 1583
5265 1515 1873
5269 1543 1749
5270 1579 1806
5271 1318 1475
5273 1557 1820
5274 1006 1582
5287 1313 1494
5289 1358 1765
5294 1383 1478
5296 1345 1467
5301 1272 1615
5306 1453 1766
5307 1234 1636
5310 1414 1485
5317 1285 1699
5321 1312 1533
5336 1650 1690
5337 1562 1527
5339 1343 1454
5352 1647 1641
5354 1260 1679
5362 1668 1657
5369 1378 1599
5370 978 1699
5372 1462 1495
5374 1553 1782
5377 1579 1632
5381 1619 1641
5385 1603 1796
5386 1310 1483
5389 1341 1593
5391 1413 1776
5394 1422 1484
5397 1563 1506
5403 1468 1493
5411 1468 1771
5412 1670 1698
5418 1626 1736
5421 1462 1807
5424 1610 1615
5425 1448 1805
5427 1399 1456
5428 1411 1807
5433 1515 1506
5436 1451 1488
5438 1472 1818
5439 1470 1830
5443 1287 1637
5454 1462 1823
5455 1174 1556
5465 1647 1626
5467 1463 1869
5471 1678 1673
5484 956 1660
5495 1461 1889
5497 1480 1810
5505 1521 1844
5508 1582 1624
5511 1591 1587
5525 1104 1528
5528 1437 1813
5533 1447 1809
5534 1667 1638
5535 1422 1488
5541 1010 1556
5558 1649 1710
5559 1536 1847
5560 1207 1579
5569 1630 1627
5571 1628 1626
5575 1609 1617
5586 1442 1855
5592 1258 1700
5595 1434 1886
5600 1589 1612
5610 1266 1489
5615 1562 1495
5622 1631 1729
5628 1566 1824
5629 1216 1561
5639 1237 1579
5645 1463 1488
5652 1536 1834
5654 1141 1527
5659 1395 1454
5662 1483 1759
5665 992 1565
5669 1587 1604
5675 1587 1811
5676 1235 1663
5677 1488 1493
5679 1607 1614
5681 1381 1832
5686 1615 1612
5687 1592 1537
5699 1621 1745
5700 1611 1613
5718 1594 1550
5738 1589 1561
5740 1267 1630
5744 1511 1840
5760 1553 1493
5761 1456 1874
5762 974 1590
5776 1239 1668
5780 1652 1716
5785 1266 1496
5788 1620 1759
5790 1279 1661
5796 1449 1820
5801 1248 1514
5802 1522 1764
5807 1419 1841
5811 1633 1731
5825 1275 1635
5826 1519 1751
5833 1478 1497
5838 1572 1506
5848 1248 1585
5852 1598 1555
5857 1437 1863
5859 1628 1773
5860 1586 1616
5863 1631 1769
5866 1256 1503
5869 1154 1536
5873 1565 1512
5875 970 1711
5880 1072 1509
5881 1483 1498
5884 1675 1675
5885 1195 1564
5894 1598 1570
5898 1148 1531
5900 1434 1845
5901 1513 1504
5921 1607 1563
5926 1605 1615
5939 1271 1492
5953 1239 1581
5955 1453 1826
5961 1572 1511
5963 1553 1829
5964 1465 1492
5981 1491 1850
5984 1680 1647
5988 1498 1798
5994 1652 1629
5996 1259 1695
5997 1529 1839
6002 1653 1709
6014 1102 1534
6027 1621 1748
6031 1242 1561
6041 1550 1498
6042 1670 1689
6045 1252 1633
6048 1557 1501
6049 1529 1493
6055 1526 1754
6060 1674 1653
6093 1439 1811
6100 1092 1530
6119 1476 1871
6126 1600 1586
6128 1389 1459
6132 1630 1731
6135 972 1589
6142 1586 1529
6143 1595 1813
6146 1657 1635
6158 1567 1507
6166 1137 1526
6172 1404 1856
6173 1659 1709
6176 1605 1561
6183 1538 1493
6184 1552 1834
6191 1479 1815
6199 1531 1490
6202 1576 1820
6204 1479 1761
6209 1595 1599
6213 1591 1560
6214 1014 1514
6215 1436 1870
6219 1035 1498
6225 1426 1900
6235 1457 1823
6241 1591 1813
6247 1537 1837
6253 1456 1489
6254 1679 1687
5 1657 1629
22 1231 1593
34 1559 1500
35 1421 1875
45 989 1541
48 1108 1527
57 1465 1876
58 1605 1581
64 1522 1757
79 1458 1890
86 1454 1780
90 1007 1560
100 1684 1675
104 1389 1455
107 1514 1759
108 1531 1841
110 1220 1589
118 1549 1493
119 1460 1790
120 1175 1554
124 1482 1849
127 982 1568
129 1548 1830
130 1391 1462
137 1509 1798
141 1673 1692
146 1669 1642
151 1580 1822
158 1421 1829
181 1545 1787
193 1636 1625
199 1036 1501
205 1402 1829
207 1648 1629
208 1537 1772
214 1430 1891
217 1591 1808
218 1278 1715
226 1476 1757
229 1475 1827
230 1618 1614
234 1491 1839
236 1612 1610
246 1677 1689
248 1474 1856
249 1469 1879
263 1449 1888
268 1552 1842
277 1641 1726
278 1679 1684
279 1446 1852
284 1584 1818
289 1461 1804
293 1500 1807
296 1494 1806
299 1681 1671
303 1607 1577
312 1263 1494
316 1531 1495
325 1603 1565
326 1665 1701
333 1396 1812
341 1516 1800
345 1267 1634
348 1576 1512
354 950 1628
355 1534 1849
356 958 1604
357 1535 1841
367 1684 1648
372 1323 1470
380 1116 1530
384 1583 1821
387 1554 1503
394 1674 1677
395 1549 1837
399 1602 1593
403 1540 1773
415 1625 1752
421 951 1645
437 1543 1798
442 1534 1803
444 1584 1612
463 1683 1663
464 1679 1692
466 1669 1634
469 1463 1838
470 1269 1723
476 1330 1729
480 1451 1797
481 1520 1492
495 1431 1487
503 1427 1481
513 1139 1520
514 1629 1768
523 1285 1658
529 1452 1868
530 1420 1893
531 1472 1802
540 1613 1620
556 1279 1697
558 1569 1826
563 1405 1463
568 1507 1823
579 1047 1511
580 1588 1556
585 1463 1785
590 1436 1838
593 1480 1491
594 1460 1846
595 1616 1758
601 1474 1806
604 1488 1847
619 1601 1571
626 1026 1500
629 1593 1590
633 1443 1858
634 1433 1490
642 1590 1596
647 1475 1868
648 1590 1591
654 1480 1833
663 1384 1802
671 1462 1875
675 1440 1834
676 1156 1533
677 1601 1590
680 1408 1465
683 1210 1576
687 1585 1600
688 1280 1635
690 1523 1831
692 1416 1849
693 1161 1545
694 1597 1566
702 1654 1636
704 1573 1509
705 1417 1850
707 1542 1839
709 1587 1539
720 1685 1671
729 1468 1835
731 1619 1755
732 1468 1859
747 1515 1827
751 1528 1772
757 1646 1631
785 1029 1567
787 1681 1657
794 1506 1754
800 1663 1699
807 1624 1624
809 1348 1778
817 1626 1740
820 1517 1832
822 999 1554
828 1574 1515
834 1423 1496
839 1427 1799
840 1645 1634
853 1498 1816
859 1658 1632
861 1442 1886
870 1468 1851
871 1421 1821
878 1639 1719
879 1425 1483
890 1459 1836
891 1633 1727
895 1404 1844
897 1048 1520
900 1276 1670
902 1682 1650
904 1319 1473
907 1180 1553
908 1424 1842
909 1462 1492
923 1577 1826
928 1432 1842
929 1586 1535
930 1512 1745
937 968 1585
941 1552 1838
944 1429 1491
955 1584 1628
956 1457 1492
959 1684 1680
962 1589 1607
963 1470 1488
964 1446 1835
966 1486 1748
967 1571 1824
969 1573 1523
970 1600 1560
979 1042 1497
983 1680 1666
986 948 1623
997 1594 1546
998 1509 1506
999 1541 1834
1010 1596 1806
1015 1389 1464
1038 1532 1845
1046 1447 1486
1063 1325 1773
1064 1622 1756
1067 1434 1496
1068 1560 1503
1071 1256 1508
1075 1451 1789
1078 1524 1840
1079 1494 1500
1082 1188 1559
1087 1558 1494
1090 1429 1878
1097 1542 1497
1105 1515 1837
1107 1645 1625
1108 1625 1616
1115 1440 1813
1117 1021 1511
1121 973 1592
1135 1589 1625
1149 1528 1843
1150 1243 1556
1164 1596 1562
1171 965 1690
1172 1479 1825
1179 1414 1473
1181 1469 1865
1183 1406 1813
1188 1251 1662
1191 1440 1492
1193 1595 1608
1194 1604 1584
1199 1608 1797
1202 1588 1530
1210 1682 1678
1213 1535 1492
1218 1461 1780
1225 1615 1618
1230 1594 1554
1232 1547 1498
1233 1591 1627
1236 1237 1586
1237 1544 1491
1240 1677 1652
1242 1676 1680
1246 1673 1698
1250 1598 1585
1258 1528 1850
1259 1612 1793
1260 1599 1805
1264 1636 1729
1266 1533 1764
1274 1496 1813
1275 1473 1490
1278 1585 1608
1280 1596 1597
1282 1601 1596
1284 1507 1504
1290 1493 1504
1295 1459 1843
1297 1618 1787
1306 1493 1754
1307 1454 1493
1314 1658 1702
1328 1534 1497
1330 1282 1646
1334 1156 1527
1346 1490 1747
1354 1583 1621
1361 1485 1815
1364 1570 1513
1372 1598 1547
1373 1679 1660
1374 1224 1579
1380 1289 1712
1383 1438 1883
1395 1460 1490
1396 1590 1620
1399 1474 1493
1409 1601 1575
1411 1665 1640
1435 1061 1512
1437 1252 1712
1439 1491 1502
1444 1538 1499
1447 1327 1472
1448 1448 1816
1454 1317 1743
1457 1647 1721
1458 1666 1635
1462 1431 1852
1470 1494 1818
1475 1533 1769
1478 1592 1604
1487 1637 1725
1489 1468 1761
1492 1410 1880
1494 1454 1842
1495 1245 1581
1496 1678 1678
1499 1474 1755
1506 1501 1746
1509 1401 1469
1513 1457 1778
1520 1467 1766
1527 1411 1810
1530 1620 1621
1533 1005 1528
1535 1400 1466
1539 1424 1869
1540 1328 1461
1543 1409 1836
1544 1479 1861
1546 1491 1497
1549 1564 1509
1550 962 1590
1554 1442 1830
1558 1408 1888
1562 1498 1888
1571 978 1569
1578 1457 1854
1582 1290 1671
1585 1602 1803
1593 1635 1622
1604 1584 1632
1608 1492 1810
1638 1545 1840
1640 1047 1517
1643 1452 1485
1651 1581 1525
1652 1222 1567
1653 1675 1642
1654 1420 1482
1655 1163 1540
1661 1281 1656
1666 1519 1848
1671 1465 1779
1679 1254 1692
1696 1420 1478
1698 1459 1867
1703 1675 1669
1707 1493 1849
1709 1428 1910
1714 1288 1735
1715 1484 1493
1731 1463 1848
1737 1472 1871
1740 1493 1844
1741 1461 1487
1745 1529 1489
1753 1445 1868
1754 1479 1818
1756 1234 1570
1762 1394 1467
1765 1463 1864
1766 1588 1814
1769 995 1574
1776 1476 1498
1777 1669 1702
1779 1591 1555
1781 1564 1503
1784 1664 1704
1789 1614 1765
1820 1380 1810
1826 1585 1623
1831 1602 1556
1833 1309 1763
1834 1258 1670
1836 1435 1806
1838 1513 1756
1843 1578 1518
1864 1524 1490
1867 1634 1628
1868 1599 1600
1870 1505 1831
1872 1614 1791
1877 1510 1801
1878 1688 1655
1879 986 1568
1890 1127 1526
1894 1589 1550
1896 1475 1815
1900 1240 1589
1910 1431 1908
1912 1463 1831
1918 1234 1588
1921 1056 1508
1934 1465 1845
1935 1684 1655
1938 1472 1767
1944 1484 1804
1948 1429 1887
1954 1551 1502
1958 1584 1537
1960 1580 1530
1961 1628 1732
1971 1627 1744
1973 1002 1525
1974 1466 1487
1975 1555 1498
1977 1238 1526
1980 1639 1630
1987 1400 1806
2000 1234 1561
2013 1023 1506
2016 1311 1731
2019 1442 1836
2022 1567 1832
2028 1026 1579
2030 1442 1490
2033 1443 1876
2035 1464 1867
2038 1440 1825
2040 1635 1718
2042 1087 1519
2044 1510 1832
2045 1270 1494
2054 1263 1502
2059 1261 1498
2060 1590 1533
2064 1642 1624
2076 1315 1746
2093 1675 1694
2102 1500 1842
2107 1261 1637
2110 1599 1568
2115 1403 1473
2121 1657 1705
2132 1474 1852
2134 1280 1641
2137 1595 1557
2138 1237 1572
2148 1533 1831
2153 1598 1581
2157 1567 1515
2159 1598 1809
2160 1557 1504
2165 1450 1830
2170 1443 1817
2175 1295 1731
2178 1051 1500
2182 1637 1617
2191 1686 1645
2197 1408 1460
2201 1650 1624
2224 1264 1487
2225 1480 1779
2227 1571 1844
2229 1006 1509
2238 1690 1670
2246 1460 1484
2248 1628 1595
2272 1682 1698
2277 1616 1604
2283 1697 1676
2295 1481 1486
2318 1676 1634
2323 1568 1494
2324 1341 1448
2325 1479 1483
2327 1478 1488
2329 1525 1483
2358 1229 1535
2363 1565 1487
2373 1698 1683
2376 1596 1538
2386 1611 1605
2393 1418 1462
2405 1585 1515
2408 1359 1440
2409 1637 1739
2420 1621 1576
2424 1483 1482
2427 1619 1563
2432 1612 1577
2434 1029 1498
2437 1516 1776
2441 1450 1481
2445 1673 1706
2447 1492 1494
2451 1453 1477
2462 1530 1860
2464 1449 1474
2468 1219 1549
2471 1466 1787
2475 1620 1604
2477 1231 1542
2489 1414 1467
2490 1575 1489
2495 1671 1628
2496 1691 1652
2500 1303 1476
2503 1634 1602
2517 1693 1652
2518 1512 1497
2522 927 1607
2526 994 1525
2532 1657 1619
2534 983 1562
2538 1517 1810
2554 1463 1478
2558 1673 1624
2560 1544 1795
2574 1581 1514
2575 1547 1860
2582 975 1543
2584 1473 1895
2588 1551 1846
2607 1669 1623
2612 1155 1518
2617 939 1641
2624 1089 1509
2639 1497 1486
2640 1627 1608
2644 1338 1445
2647 1354 1441
2652 1602 1536
2655 1681 1641
2657 1587 1521
2662 1668 1630
2663 1542 1869
2676 973 1539
2684 1577 1508
2688 1451 1901
2697 1284 1477
2698 1568 1835
2704 1641 1617
2709 1578 1509
2710 1632 1610
2713 1508 1767
2716 1430 1472
2722 1331 1453
2738 1656 1718
2739 1421 1469
2744 1358 1451
2749 1691 1660
2753 1437 1474
2756 1457 1481
2760 1625 1765
2762 1405 1459
2765 1371 1810
2766 1550 1485
2768 1523 1818
2771 1686 1660
2775 1694 1669
2781 1664 1715
2795 1472 1786
2797 1370 1445
2802 1551 1489
2803 1575 1485
2810 1237 1522
2818 1300 1472
2823 1667 1709
2831 1604 1609
2835 1646 1735
2836 1617 1559
2838 1377 1449
2840 1494 1764
2842 1516 1481
2843 1631 1604
2845 1472 1779
2849 1650 1723
2854 1599 1813
2859 1518 1788
2860 1619 1793
2866 931 1634
2871 1400 1896
2893 1546 1856
2905 1538 1861
2906 1379 1865
2911 1487 1490
2916 1600 1816
2924 1558 1851
2942 1642 1736
2943 1594 1528
2957 1636 1604
2960 1645 1740
2969 1601 1544
2970 1400 1892
2979 1590 1522
2980 1692 1657
2986 1610 1591
2987 1587 1517
2989 1608 1551
2990 1433 1470
2991 1632 1743
3004 1611 1590
3009 1223 1539
3011 1661 1621
3013 1207 1550
3020 1535 1862
3030 1602 1601
3038 1596 1533
3040 1290 1479
3042 1502 1493
3043 1650 1618
3044 1625 1601
3045 936 1607
3048 1601 1549
3071 1371 1449
3077 1666 1712
3085 936 1580
3091 1365 1451
3093 1366 1815
3100 1346 1443
3106 1686 1700
3109 1678 1639
3114 1683 1703
3115 1247 1508
3117 1153 1514
3120 1062 1500
3121 1474 1485
3135 1430 1477
3136 1644 1612
3141 1217 1552
3153 1573 1495
3158 1243 1508
3165 1475 1481
3169 1275 1484
3185 1574 1833
3187 1622 1762
3201 1599 1604
3205 1069 1507
3206 968 1544
3210 1662 1630
3218 1687 1681
3219 1634 1608
3222 1684 1631
3223 1679 1632
3229 1619 1581
3237 1412 1458
3238 1568 1490
3242 1666 1621
3251 1496 1491
3257 1625 1785
3258 1458 1907
3260 1645 1731
3264 1364 1446
3269 929 1618
3272 1558 1487
3286 1655 1624
3294 1184 1540
3299 1464 1793
3317 1690 1642
3318 1580 1511
3327 1428 1475
3329 963 1561
3332 1611 1554
3339 977 1565
3341 1505 1497
3343 1285 1760
3351 1579 1829
3352 1545 1485
3355 1484 1764
3358 1687 1637
3365 1536 1485
3370 1525 1774
3371 1590 1819
3372 1278 1479
3373 1596 1525
3374 1477 1894
3375 1468 1791
3378 1688 1691
3386 1611 1583
3394 1407 1450
3402 1556 1483
3409 1688 1651
3427 1635 1611
3430 1604 1534
3436 935 1623
3443 1023 1501
3451 1688 1698
3456 1424 1474
3462 1486 1777
3465 1635 1746
3467 1613 1561
3468 1522 1785
3469 1700 1678
3472 1354 1450
3475 997 1735
3476 963 1712
3487 1428 1468
3495 1519 1820
3496 1500 1487
3498 1397 1452
3499 1577 1500
3507 1616 1579
3516 1609 1564
3522 1424 1916
3524 1245 1506
3538 1610 1807
3543 1691 1678
3548 1345 1450
3550 980 1543
3558 1398 1448
3570 1509 1758
3581 1599 1613
3582 1502 1764
3583 1168 1531
3588 1473 1771
3596 1676 1626
3599 1239 1519
3600 1488 1483
3601 1633 1772
3619 1442 1904
3625 1369 1807
3626 1258 1497
3627 1658 1622
3628 1522 1862
3629 1692 1681
3634 1468 1485
3640 923 1599
3641 1520 1855
3643 1642 1749
3644 1402 1449
3647 1592 1826
3668 1531 1787
3694 1511 1779
3700 1542 1489
3703 1524 1486
3706 1175 1530
3708 1628 1614
3714 947 1672
3716 1382 1884
3719 1616 1794
3732 945 1662
3739 1595 1820
3745 1253 1502
3752 1520 1770
3753 1604 1603
3772 960 1576
3781 1543 1483
3785 1582 1826
3792 1494 1759
3801 1685 1689
3804 1272 1481
3809 1498 1772
3820 1454 1906
3825 1679 1627
3826 1379 1844
3832 1694 1665
3835 1604 1613
3842 1626 1758
3846 1382 1824
3851 1607 1812
3852 1673 1635
3853 1696 1688
3856 1597 1615
3857 950 1683
3859 1444 1471
3863 1414 1461
3869 1616 1569
3880 1355 1809
3884 1119 1526
3895 1359 1444
3898 1012 1511
3899 1438 1480
3905 977 1554
3909 1361 1448
3912 1477 1771
3915 1033 1493
3917 1575 1830
3918 1409 1453
3931 1539 1484
3933 1689 1686
3935 1687 1641
3939 1530 1793
3957 1440 1472
3960 1583 1506
3963 1512 1491
3971 1434 1478
3973 1573 1502
3974 1603 1809
3985 1198 1552
3986 1101 1521
3994 1499 1490
4008 1486 1894
4009 1482 1767
4010 1693 1674
4026 1222 1554
4030 935 1633
4039 1600 1618
4042 1529 1485
4044 1385 1849
4045 1625 1596
4046 1546 1864
4047 1296 1477
4050 1401 1452
4052 1607 1611
4054 1476 1766
4055 1109 1520
4057 1200 1550
4063 1676 1703
4075 1694 1641
4081 1616 1800
4085 1538 1792
4091 1519 1484
4097 1520 1778
4100 1586 1505
4108 1648 1733
4115 1649 1732
4131 1551 1856
4135 1580 1495
4141 1591 1525
4143 1399 1889
4145 1459 1478
4151 1234 1532
4154 1234 1528
4155 1254 1494
4156 1641 1609
4159 1481 1788
4163 1562 1850
4171 1597 1611
4177 1360 1807
4188 1018 1499
4192 1524 1778
4194 981 1549
4202 1597 1619
4203 950 1567
4231 1608 1809
4234 1615 1597
4235 1504 1769
4244 1380 1870
4250 1613 1596
4255 1607 1601
4261 937 1601
4278 1394 1892
4296 1147 1512
4303 1144 1516
4311 1532 1783
4315 1471 1905
4324 1622 1609
4326 1513 1811
4331 1350 1443
4336 1686 1685
4337 977 1559
4341 926 1600
4342 1470 1900
4344 1341 1788
4346 1620 1587
4349 1402 1443
4357 1632 1616
4358 1615 1584
4364 1617 1576
4365 1412 1452
4374 1505 1490
4378 1585 1508
4388 1630 1617
4391 1677 1700
4403 1671 1710
4405 1389 1859
4413 1671 1709
4414 1478 1790
4425 1627 1782
4438 1099 1516
4441 1700 1673
4442 1512 1771
4446 1607 1590
4460 1298 1479
4479 1197 1543
4486 1298 1480
4497 1581 1508
4501 1674 1619
4504 1294 1468
4508 1708 1659
4520 1304 1462
4532 1637 1596
4533 1502 1475
4538 899 1578
4545 1495 1792
4547 1601 1518
4559 1413 1436
4560 947 1684
4562 937 1649
4565 1486 1793
4570 1593 1508
4593 1616 1808
4594 1486 1912
4604 1517 1796
4610 903 1584
4616 1063 1494
4622 937 1660
4624 1616 1540
4634 1431 1465
4647 1703 1635
4655 1482 1476
4657 1271 1459
4661 1606 1820
4663 1708 1666
4668 1255 1485
4669 1610 1814
4670 1317 1460
4677 1611 1523
4681 1704 1666
4682 1653 1610
4687 1549 1878
4693 1613 1546
4695 929 1572
4697 1614 1513
4698 1689 1627
4699 1702 1650
4701 1662 1617
4704 1365 1430
4707 1366 1418
4710 1596 1516
4712 1299 1455
4713 1339 1438
4714 1596 1832
4719 1581 1484
4720 1024 1797
4729 1319 1441
4730 1220 1522
4733 1660 1728
4735 1645 1583
4747 1677 1608
4756 1631 1575
4758 920 1579
4768 1572 1477
4770 1612 1497
4772 1361 1435
4778 1672 1604
4783 987 1751
4795 1699 1635
4800 1502 1483
4806 1499 1781
4809 1375 1424
4815 1079 1498
4825 1694 1692
4837 1367 1868
4842 1615 1491
4846 1625 1584
4856 1311 1454
4858 1641 1765
4860 1592 1482
4863 1354 1428
4877 1393 1904
4891 1376 1428
4892 1611 1543
4905 1637 1584
4909 1641 1598
4912 1476 1475
4913 1398 1903
4914 1327 1441
4915 1242 1497
4917 1673 1713
4918 1369 1875
4926 1559 1868
4935 1632 1565
4940 1486 1479
4943 1584 1486
4949 1589 1839
4951 1620 1595
4952 1411 1439
4953 1296 1462
4955 1305 1456
4956 939 1675
4960 1570 1484
4963 1639 1747
4964 1249 1496
4966 1623 1796
4967 1364 1420
4972 1589 1478
4981 1693 1698
4985 1014 1493
4988 1624 1577
4993 1448 1462
4995 1556 1859
4996 1627 1572
4999 1276 1463
5001 969 1537
5008 1594 1494
5018 1249 1490
5036 956 1558
5038 1068 1488
5043 1233 1512
5047 1648 1587
5048 957 1556
5059 1308 1442
5060 1705 1660
5063 1232 1506
5067 1558 1479
5083 1336 1433
5087 1631 1584
5089 1544 1876
5091 1586 1483
5094 1507 1481
5097 1498 1476
5103 1562 1857
5105 1671 1610
5106 1102 1513
5108 907 1593
5112 1661 1725
5148 1427 1918
5151 924 1565
5158 1700 1659
5159 1695 1625
5163 1686 1618
5170 1655 1736
5177 1636 1574
5181 1310 1461
5187 1382 1444
5194 1307 1464
5201 1617 1546
5202 1650 1739
5205 1634 1581
5206 1341 1434
5214 1517 1871
5215 1477 1908
5223 1634 1569
5227 1471 1475
5231 1650 1596
5235 1551 1869
5236 1316 1453
5238 1283 1458
5241 1677 1709
5243 1366 1441
5244 1379 1437
5245 1644 1580
5254 1334 1799
5266 1558 1474
5272 1570 1864
5275 1629 1790
5280 1036 1483
5282 1266 1467
5290 1014 1500
5292 1592 1491
5297 1177 1520
5299 1523 1884
5302 1696 1648
5305 1285 1452
5309 922 1626
5322 1373 1420
5326 1525 1475
5331 1657 1612
5340 1542 1473
5349 1706 1673
5357 1392 1439
5359 1601 1525
5360 1712 1676
5373 1679 1619
5375 1644 1589
5376 1164 1518
5383 1658 1601
5393 1352 1436
5396 1223 1524
5399 1091 1506
5401 1054 1494
5402 1387 1445
5407 1645 1750
5410 1704 1688
5422 1452 1922
5432 1274 1473
5434 1562 1481
5437 1554 1478
5444 1239 1509
5459 1383 1428
5460 1614 1528
5462 1234 1515
5478 1628 1786
5488 1470 1478
5492 909 1595
5493 871 1580
5498 1102 1509
5512 1698 1632
5516 1335 1437
5531 1479 1912
5532 1700 1654
5538 1510 1487
5539 1611 1527
5542 1666 1614
5544 1358 1432
5545 1692 1629
5546 1089 1500
5550 872 1590
5554 1295 1447
5574 1391 1443
5605 1534 1473
5606 1600 1512
5616 1645 1593
5617 1301 1464
5619 1301 1449
5626 1279 1457
5627 1610 1502
5633 1562 1475
5637 1580 1479
5640 1591 1497
5643 1521 1873
5644 1606 1531
5647 954 1542
5648 1489 1778
5649 1508 1489
5650 1697 1657
5655 1595 1520
5658 1433 1458
5660 1681 1617
5661 1623 1589
5671 1640 1583
5673 916 1560
5678 1305 1437
5685 1644 1605
5688 1479 1479
5691 1439 1461
5694 1499 1484
5695 1612 1519
5698 947 1565
5701 1537 1867
5709 1465 1911
5711 919 1576
5712 1602 1823
5715 1626 1559
5724 1168 1515
5728 1612 1531
5729 1686 1626
5731 1574 1482
5741 1234 1504
5749 1076 1499
5753 1375 1441
5759 1379 1897
5769 1454 1473
5770 1593 1513
5777 1502 1796
5781 875 1593
5782 1685 1614
5783 1590 1832
5786 1385 1442
5787 1547 1480
5792 1163 1511
5797 1547 1873
5800 1574 1845
5809 1665 1611
5816 1565 1478
5835 1619 1807
5841 1569 1479
5843 1695 1696
5854 928 1568
5856 1585 1493
5871 1533 1867
5874 1655 1605
5882 1386 1432
5883 1614 1810
5888 1641 1602
5890 1579 1852
5893 1323 1446
5902 1453 1464
5908 1522 1479
5914 1558 1864
5917 1508 1485
5924 1673 1719
5928 1612 1492
5930 1244 1494
5942 1447 1468
5952 1560 1483
5966 919 1600
5970 1332 1434
5976 1369 1433
5991 1589 1507
5993 1576 1843
5999 1156 1510
6012 1570 1853
6013 1406 1922
6015 1343 1805
6019 1313 1436
6025 1613 1550
6026 1427 1465
6029 1647 1590
6044 1382 1431
6056 1586 1479
6061 1706 1684
6062 1624 1799
6067 1691 1705
6072 1520 1472
6073 1342 1439
6076 946 1561
6078 1417 1440
6080 1046 1482
6085 1424 1463
6089 1627 1568
6090 1314 1789
6091 1558 1857
6105 1664 1607
6108 1632 1782
6113 1535 1476
6118 1316 1464
6121 1620 1552
6127 1690 1622
6134 1595 1499
6136 1374 1864
6140 1372 1889
6147 1639 1768
6150 1499 1892
6151 1670 1613
6160 1326 1435
6180 1334 1442
6187 1567 1856
6195 1584 1840
6197 1641 1587
6198 1642 1578
6201 1355 1834
6210 1663 1727
6218 1285 1471
6220 1310 1437
6222 1273 1462
6223 1373 1438
6238 1511 1794
6248 1364 1439
6249 920 1567
6251 1656 1726
3 958 1725
7 1709 1681
12 1689 1619
17 1494 1477
18 945 1691
20 1603 1522
24 1598 1522
28 1120 1517
31 1304 1452
44 1495 1484
49 913 1581
52 1500 1480
54 950 1536
59 1361 1426
61 1700 1685
62 1322 1442
65 976 1534
72 1319 1457
81 1303 1459
87 1467 1474
92 1653 1593
94 1626 1792
99 1298 1440
105 881 1583
128 1610 1539
135 1059 1490
152 1199 1534
155 1630 1779
164 1368 1427
170 1371 1423
171 1624 1567
172 1616 1553
184 1427 1460
194 1152 1505
197 1502 1791
202 1002 1509
210 876 1590
212 1602 1528
215 1572 1856
221 921 1553
222 1565 1854
231 1682 1709
241 1521 1476
242 1492 1788
250 1552 1879
251 1531 1478
257 1226 1529
258 1530 1475
260 1634 1754
269 1616 1494
272 1593 1518
276 1405 1445
288 1248 1484
294 1510 1782
295 1627 1586
300 1622 1592
301 1537 1877
310 1539 1879
313 1635 1761
317 1610 1508
318 1488 1903
329 1284 1464
330 1408 1443
339 1607 1535
342 1485 1900
351 1459 1472
360 1567 1481
361 1431 1461
363 1317 1435
365 1193 1533
366 1374 1446
368 1687 1707
369 1188 1536
371 1613 1506
373 1435 1464
377 1070 1490
386 1707 1676
397 1625 1554
400 1609 1530
402 1552 1482
404 1687 1630
405 1549 1475
407 1622 1548
410 917 1605
418 1490 1479
424 1442 1468
426 1505 1484
428 1624 1573
431 933 1560
433 985 1529
436 1614 1535
440 1360 1419
474 1378 1880
478 1036 1487
491 1591 1485
497 1253 1487
501 1588 1834
506 1601 1827
509 1685 1712
510 1478 1917
515 1614 1522
516 975 1548
518 1666 1726
528 1673 1608
532 1187 1527
538 1591 1503
539 992 1515
546 1531 1873
547 1525 1869
548 1387 1437
564 1565 1869
567 1705 1653
574 1242 1502
582 1644 1761
587 1701 1668
603 1108 1514
611 1483 1914
613 1316 1447
614 931 1542
617 1163 1515
618 1489 1897
624 1090 1497
625 1275 1458
630 1460 1916
631 1582 1477
635 1272 1468
637 1464 1472
651 1468 1469
652 917 1578
658 1418 1450
659 1564 1864
660 914 1595
669 1597 1509
673 1697 1699
682 1644 1747
713 983 1521
719 1715 1658
723 1442 1928
727 896 1579
730 1623 1809
733 1643 1571
737 1690 1614
740 1298 1427
746 1642 1563
762 1621 1521
764 1608 1484
772 1647 1568
775 1265 1463
778 1618 1489
780 1679 1599
783 1619 1529
792 1537 1468
795 1725 1676
798 1670 1723
803 1670 1581
804 1712 1633
805 1679 1722
810 1674 1583
812 1241 1479
815 897 1574
816 1705 1704
819 1084 1487
830 1710 1693
832 1550 1887
836 1687 1719
843 1656 1747
844 1368 1408
845 1618 1524
846 1655 1742
848 1564 1876
857 1558 1465
866 1159 1505
868 1635 1558
872 1712 1645
894 1363 1399
899 1349 1415
901 1566 1880
905 1639 1565
913 871 1562
915 1622 1505
918 1717 1684
938 1478 1469
940 1578 1457
942 1488 1471
943 1565 1456
946 1668 1572
948 1355 1825
949 1026 1485
950 1481 1465
954 1683 1611
968 1507 1471
972 1603 1505
974 1695 1621
977 1644 1566
980 1561 1890
985 1371 1406
992 1431 1928
994 1093 1494
996 1023 1481
1002 1241 1491
1003 1683 1720
1006 1709 1647
1012 1346 1411
1017 1214 1518
1020 1250 1470
1024 1719 1679
1026 1618 1817
1028 1700 1709
1030 1694 1617
1032 1390 1417
1033 1654 1588
1042 1654 1578
1044 1665 1565
1047 1223 1503
1048 1431 1456
1072 1697 1609
1081 1225 1504
1083 1339 1814
1092 1470 1461
1094 1668 1600
1095 1317 1422
1103 1688 1601
1119 1582 1857
1122 1257 1464
1125 1673 1729
1127 1583 1469
1129 1651 1585
1137 1606 1507
1139 1354 1421
1145 1454 1927
1146 1381 1423
1148 1601 1835
1155 1661 1566
1166 1370 1898
1168 1716 1652
1169 1447 1455
1178 892 1581
1185 906 1624
1190 1491 1473
1192 891 1615
1200 1238 1496
1201 1680 1607
1203 1699 1625
1211 1597 1497
1216 1361 1408
1226 1601 1475
1257 1255 1473
1261 1600 1481
1273 1715 1690
1281 1543 1463
1288 1333 1809
1304 1379 1407
1316 1193 1515
1324 1284 1438
1326 1615 1516
1335 1562 1468
1337 1113 1510
1339 1398 1436
1341 1720 1665
1342 916 1615
1345 1622 1813
1350 1586 1473
1355 1647 1573
1356 1481 1927
1357 1235 1501
1360 1377 1417
1362 1206 1525
1363 1710 1637
1366 1428 1447
1369 1305 1803
1370 1465 1459
1379 1634 1793
1386 886 1571
1398 1704 1697
1402 1624 1530
1404 1339 1418
1405 1719 1671
1410 1471 1931
1418 1671 1594
1455 1715 1670
1459 1347 1430
1460 902 1617
1466 1280 1434
1467 1626 1485
1469 1669 1732
1479 1318 1417
1490 1395 1432
1505 1586 1464
1507 1624 1545
1510 844 1581
1512 1578 1865
1516 1654 1752
1517 1516 1464
1518 1311 1423
1531 1666 1595
1552 1603 1491
1556 1577 1469
1567 1597 1504
1574 1398 1429
1595 1438 1457
1599 1486 1918
1614 1570 1466
1616 961 1531
1623 1703 1617
1624 1536 1892
1626 1330 1409
1634 1098 1491
1639 1620 1498
1658 1141 1509
1667 1626 1803
1669 1472 1467
1675 1290 1443
1678 1276 1441
1683 1530 1465
1699 1574 1463
1716 1626 1495
1717 1702 1631
1718 930 1689
1720 1537 1462
1723 1655 1574
1730 1619 1518
1732 1335 1420
1746 1384 1415
1748 1637 1571
1752 1695 1704
1755 1670 1589
1787 1457 1457
1792 1591 1468
1797 1693 1606
1800 1322 1418
1803 1691 1603
1807 1335 1413
1810 1675 1591
1812 930 1557
1813 1177 1511
1817 919 1631
1818 976 1514
1823 1696 1712
1829 936 1547
1845 1135 1513
1846 1572 1875
1848 1583 1459
1850 908 1551
1860 1244 1481
1862 908 1606
1869 1045 1478
1874 1462 1930
1883 1625 1540
1886 1056 1480
1889 908 1619
1892 1203 1522
1898 1567 1468
1904 1688 1606
1907 1209 1517
1908 1606 1502
1915 1660 1576
1922 1598 1467
1926 1701 1613
1939 1633 1549
1940 980 1512
1943 984 1516
1949 1226 1510
1953 1282 1444
1955 991 1511
1962 1378 1914
1964 1596 1839
1966 1685 1597
1967 1500 1471
1968 1628 1543
1969 1400 1433
1972 875 1555
1984 1704 1624
1986 1629 1557
1994 887 1556
1995 1706 1636
1998 1722 1668
2004 1609 1516
2014 1630 1795
2027 1596 1475
2031 1569 1883
2032 1708 1626
2034 1670 1575
2036 1713 1650
2051 1621 1536
2055 899 1585
2069 1714 1666
2071 1664 1586
2073 1665 1737
2079 1548 1463
2084 1364 1410
2088 1367 1401
2097 1659 1593
2098 1425 1450
2112 860 1591
2114 1435 1451
2119 1185 1517
2147 1371 1417
2154 1270 1443
2163 1712 1660
2164 1095 1497
2166 1509 1466
2169 1173 1508
2172 1544 1471
2174 1532 1470
2188 1601 1485
2193 1324 1430
2198 1657 1564
2204 1551 1468
2211 1326 1411
2213 1325 1422
2215 1722 1660
2216 1341 1422
2219 942 1705
2222 1663 1733
2231 1596 1488
2237 1583 1864
2240 1347 1839
2250 1526 1895
2252 1417 1436
2253 1606 1514
2255 1544 1893
2263 1392 1429
2265 1357 1417
2268 1333 1417
2270 1710 1629
2280 1212 1513
2287 894 1601
2298 1553 1465
2310 1526 1469
2312 1451 1458
2313 944 1537
2319 873 1559
2330 901 1602
2331 1660 1740
2335 1430 1451
2338 1666 1590
2342 1345 1406
2348 1573 1471
2351 1591 1845
2359 1299 1433
2368 1329 1415
2372 1613 1816
2378 1292 1803
2388 1229 1503
2389 935 1534
2396 1474 1462
2406 1713 1641
2412 893 1573
2413 1346 1424
2414 1265 1456
2423 1525 1881
2425 1645 1765
2428 1034 1479
2430 1591 1852
2431 1589 1853
2435 1603 1496
2439 1049 1481
2456 1104 1503
2459 1105 1507
2460 1522 1468
2466 1574 1869
2473 858 1603
2492 1570 1870
2497 1530 1889
2499 1352 1411
2504 1306 1433
2506 1520 1465
2513 1370 1412
2515 1518 1467
2520 1705 1693
2530 1289 1438
2537 1640 1781
2540 1556 1470
2541 1708 1690
2542 1708 1632
2544 1664 1598
2548 1490 1468
2556 895 1583
2564 1593 1462
2565 1492 1912
2567 1053 1482
2573 1421 1426
2579 917 1652
2583 1612 1822
2604 1276 1450
2606 947 1533
2608 1407 1435
2609 1556 1462
2611 1288 1431
2620 1673 1597
2625 1648 1754
2628 900 1552
2633 1526 1887
2642 1162 1502
2648 1524 1464
2649 1590 1474
2656 1676 1720
2658 1412 1432
2661 897 1563
2665 1057 1486
2679 1407 1932
2689 1090 1489
2690 1726 1666
2696 922 1681
2700 1351 1419
2703 1675 1724
2712 884 1577
2714 1375 1412
2718 889 1569
2720 1267 1449
2729 1418 1432
2734 1404 1918
2740 1716 1647
2746 1365 1876
2754 988 1508
2770 1560 1879
2772 1230 1494
2777 1692 1611
2782 1663 1573
2785 1469 1465
2794 1232 1497
2805 1017 1484
2806 910 1612
2837 1582 1463
2839 1623 1524
2850 1243 1476
2857 1019 1483
2870 1610 1457
2878 1596 1845
2884 1389 1932
2885 876 1563
2896 1551 1458
2898 1197 1518
2899 933 1710
2901 1541 1466
2903 1639 1775
2907 1617 1501
2912 1309 1430
2913 1278 1447
2921 1681 1591
2933 1382 1411
2935 1387 1424
2937 1405 1438
2938 1603 1844
2939 1709 1710
2940 1729 1687
2946 1102 1486
2962 1744 1671
2966 1623 1431
2977 1603 1464
2983 1368 1913
2995 1500 1910
2996 1732 1681
3005 1563 1428
3018 1627 1416
3023 1718 1696
3031 1717 1620
3033 1413 1422
3037 1682 1578
3046 1735 1666
3047 1251 1449
3051 876 1644
3052 1687 1584
3059 1562 1454
3068 1595 1851
3072 1611 1860
3080 1606 1455
3083 850 1557
3086 1559 1434
3090 1631 1538
3094 1604 1487
3098 1689 1575
3101 1672 1745
3107 1551 1440
3113 1726 1654
3118 1627 1501
3119 1613 1449
3132 888 1666
3145 1604 1444
3146 1137 1507
3150 1157 1495
3156 1612 1835
3159 1616 1419
3171 1336 1383
3176 1334 1383
3180 856 1541
3181 1723 1696
3184 1635 1545
3186 1570 1452
3195 872 1551
3196 1723 1637
3208 920 1730
3214 868 1672
3221 1257 1446
3224 1435 1445
3230 1257 1455
3231 1590 1436
3233 1463 1451
3235 1638 1796
3240 1464 1945
3243 1354 1389
3247 1568 1889
3252 1552 1906
3253 1318 1411
3254 1556 1445
3262 1449 1445
3268 902 1681
3276 926 1538
3291 1631 1531
3296 1725 1642
3302 1715 1625
3306 1649 1767
3309 1495 1460
3314 1606 1448
3325 1545 1900
3328 1722 1648
3331 1719 1624
3338 861 1623
3342 1614 1826
3345 1543 1909
3356 1583 1430
3361 1503 1460
3380 1636 1490
3387 1596 1459
3389 1698 1585
3390 1230 1478
3392 1095 1481
3395 1220 1497
3396 1662 1744
3406 1114 1497
3410 884 1614
3412 916 1702
3414 1668 1747
3415 1718 1632
3416 1142 1503
3417 952 1519
3419 1680 1564
3423 1672 1740
3432 842 1545
3437 1455 1452
3442 1570 1444
3445 1735 1653
3447 1378 1397
3448 1367 1391
3453 1329 1821
3460 1326 1402
3473 1642 1543
3483 1539 1908
3485 1366 1385
3488 1708 1619
3494 1564 1432
3504 1577 1451
3512 1538 1456
3515 1625 1447
3525 1630 1522
3526 857 1648
3529 1619 1460
3530 1538 1904
3536 1497 1915
3540 1486 1462
3541 1589 1858
3544 1728 1661
3547 1692 1719
3552 1093 1475
3560 992 1493
3564 1695 1602
3565 907 1662
3569 1717 1643
3573 1611 1421
3584 889 1643
3586 1205 1505
3607 1650 1762
3610 1548 1907
3611 880 1632
3623 1386 1409
3624 1509 1459
3635 859 1537
3639 1595 1448
3649 1631 1510
3654 1353 1406
3656 1471 1455
3663 1534 1913
3669 1377 1401
3670 867 1547
3678 1580 1875
3679 1708 1608
3681 893 1644
3683 912 1543
3685 1627 1518
3687 1360 1382
3691 1645 1774
3699 1569 1435
3704 1344 1393
3715 1316 1405
3725 1415 1425
3726 1581 1433
3727 1615 1456
3740 1645 1546
3741 1717 1638
3742 1702 1588
3747 1630 1418
3750 1608 1470
3758 1612 1480
3759 901 1534
3763 1581 1438
3767 1629 1423
3780 1517 1458
3783 907 1533
3788 1342 1403
3790 840 1586
3793 1461 1940
3796 854 1571
3817 875 1671
3824 948 1521
3828 1334 1393
3834 1588 1450
3840 1366 1397
3848 1585 1449
3854 1590 1443
3855 1648 1550
3861 850 1598
3864 874 1601
3873 866 1551
3874 1154 1498
3879 1689 1588
3881 1277 1432
3886 1648 1777
3890 1611 1830
3906 871 1542
3911 1239 1468
3913 1554 1437
3914 1507 1907
3921 846 1600
3925 1578 1436
3926 1685 1576
3932 858 1576
3937 853 1685
3941 1030 1476
3953 1740 1657
3964 1705 1610
3965 1627 1528
3969 1697 1581
3979 1459 1447
3983 1612 1435
3988 1728 1670
3997 1535 1451
3998 1565 1444
4000 1052 1473
4002 1428 1421
4006 1677 1559
4011 871 1641
4013 1532 1461
4016 1576 1431
4033 846 1554
4036 1730 1646
4037 1702 1593
4040 1731 1649
4056 877 1546
4058 866 1567
4061 1555 1441
4068 1069 1471
4074 849 1552
4078 1573 1439
4087 1612 1462
4102 1292 1420
4103 1620 1423
4106 1026 1477
4116 851 1530
4120 863 1710
4126 1713 1700
4128 1682 1738
4134 1737 1663
4138 1271 1431
4139 861 1608
4140 1578 1885
4142 1627 1429
4169 1665 1559
4170 1609 1494
4172 1261 1451
4173 1327 1390
4190 861 1548
4196 1445 1451
4197 1397 1420
4221 1680 1571
4225 865 1642
4229 1592 1862
4230 1441 1449
4242 1574 1434
4246 1694 1598
4251 1557 1450
4256 1481 1459
4257 859 1671
4260 1694 1590
4266 923 1709
4268 892 1538
4269 1651 1773
4272 1473 1458
4279 1703 1713
4283 1355 1400
4284 1325 1395
4300 1673 1562
4301 1620 1471
4306 1249 1460
4343 1645 1560
4347 879 1625
4348 985 1500
4352 1721 1685
4353 893 1638
4354 1126 1501
4363 904 1652
4367 1657 1755
4372 1556 1454
4383 851 1547
4392 1664 1751
4400 1633 1488
4401 1608 1460
4402 1730 1665
4419 1518 1908
4420 1387 1403
4428 1674 1574
4431 1730 1653
4432 858 1561
4447 897 1699
4451 1324 1406
4459 1614 1468
4466 1198 1505
4467 1130 1503
4469 1456 1445
4470 862 1571
4471 1733 1661
4472 1707 1598
4477 861 1559
4488 1615 1473
4489 1335 1402
4491 1178 1500
4509 868 1536
4512 1225 1493
4519 1372 1400
4522 1698 1719
4527 1617 1821
4534 1599 1447
4535 1684 1588
4539 1591 1867
4540 1544 1451
4542 1672 1570
4543 1585 1867
4544 1719 1700
4546 1595 1443
4551 1646 1770
4572 1019 1477
4573 1731 1673
4580 1564 1896
4587 1444 1446
4596 1527 1453
4600 1620 1445
4608 1651 1554
4609 1728 1682
4611 1427 1438
4612 1381 1402
4613 1429 1440
4614 1621 1822
4618 1702 1607
4621 1654 1759
4625 839 1555
4633 847 1542
4635 1686 1568
4639 1681 1727
4650 1084 1477
4652 1732 1656
4654 972 1509
4660 1713 1609
4662 898 1659
4667 1674 1735
4678 1553 1895
4689 1343 1397
4692 1346 1390
4703 959 1514
4708 1636 1536
4724 1472 1451
4727 843 1560
4734 1358 1391
4738 1670 1565
4741 863 1628
4743 1451 1451
4757 1726 1649
4782 1581 1427
4793 878 1596
4797 1398 1411
4801 878 1684
4805 886 1674
4810 1510 1910
4812 1000 1494
4814 1500 1464
4816 917 1698
4818 1637 1540
4820 1677 1737
4823 1639 1550
4829 1278 1427
4831 1513 1906
4850 1610 1476
4853 1337 1395
4864 1629 1535
4865 1742 1665
4882 828 1714
4887 1712 1618
4890 1667 1562
4896 1317 1401
4900 1410 1427
4904 1625 1413
4919 1107 1490
4920 1244 1464
4921 1062 1473
4931 1710 1611
4939 1311 1404
4950 833 1586
4958 1522 1455
4961 1557 1903
4965 844 1710
4973 1302 1417
4979 1618 1434
4982 1747 1668
4986 1616 1465
4994 1204 1512
5009 1559 1896
5011 1546 1455
5013 1673 1557
5014 917 1670
5016 1232 1474
5020 1547 1457
5024 1400 1417
5026 1554 1899
5027 1632 1504
5028 913 1533
5029 1601 1442
5033 1252 1457
5034 1350 1403
5040 1526 1900
5041 819 1697
5044 856 1555
5052 1440 1445
5054 836 1707
5061 1170 1495
5072 878 1533
5079 1733 1676
5080 1622 1457
5081 848 1609
5090 1640 1792
5096 1715 1616
5099 1645 1788
5107 1625 1420
5113 1403 1415
5115 1287 1425
5116 1586 1454
5117 1649 1557
5119 971 1768
5121 884 1679
5127 1341 1383
5138 1628 1438
5144 1409 1420
5145 1390 1411
5147 1641 1553
5155 1312 1817
5157 1528 1459
5161 1657 1557
5166 1572 1894
5168 1282 1431
5176 1280 1422
5179 1285 1419
5182 1238 1481
5185 1739 1676
5188 863 1564
5209 858 1551
5218 1507 1462
5220 1296 1419
5239 925 1734
5246 1058 1474
5250 1712 1704
5252 1512 1462
5256 838 1595
5258 880 1647
5259 1561 1446
5261 880 1605
5262 1363 1394
5263 1313 1409
5268 1539 1447
5279 1738 1671
5285 896 1530
5293 1616 1831
5300 1643 1794
5312 1549 1450
5313 869 1576
5315 823 1720
5320 1723 1682
5325 1416 1929
5334 921 1694
5338 850 1707
5344 904 1635
5348 1314 1413
5351 1692 1594
5358 1112 1491
5361 850 1564
5363 1337 1863
5378 932 1532
5387 995 1498
5392 1522 1907
5395 1628 1490
5398 1212 1503
5400 1321 1396
5405 1633 1811
5406 1617 1476
5413 1274 1429
5416 1607 1465
5419 1653 1559
5420 1623 1451
5442 1309 1417
5457 1349 1872
5461 1325 1813
5476 1642 1786
5477 913 1663
5487 917 1536
5489 1339 1380
5502 1343 1875
5504 903 1539
5510 861 1675
5515 856 1611
5527 1612 1426
5530 1563 1438
5540 883 1643
5547 1624 1409
5557 868 1656
5565 1603 1459
5568 1602 1839
5570 844 1537
5576 1724 1691
5577 1092 1485
5578 1637 1801
5591 1602 1849
5594 1389 1407
5602 1626 1819
5608 1183 1507
5609 1345 1386
5612 1719 1688
5623 1531 1456
5632 1569 1440
5635 1395 1409
5636 872 1574
5638 863 1535
5663 1429 1417
5664 1308 1407
5680 863 1661
5684 1669 1738
5690 861 1615
5697 1623 1440
5723 883 1542
5725 1627 1434
5730 1061 1466
5732 1641 1428
5733 1713 1546
5737 1346 1369
5739 1739 1690
5742 1686 1535
5743 832 1536
5745 1613 1405
5746 1721 1607
5747 1661 1772
5750 848 1526
5751 1706 1565
5758 1321 1374
5765 1068 1464
5767 823 1575
5775 1755 1660
5779 1590 1881
5789 1758 1652
5794 1430 1951
5815 1733 1644
5820 1753 1665
5824 1698 1543
5827 1493 1923
5831 1620 1392
5832 1615 1396
5836 853 1736
5840 1632 1466
5842 1314 1384
5845 1603 1856
5862 845 1631
5864 1719 1594
5865 1613 1391
5868 1477 1443
5870 1726 1531
5872 1636 1461
5889 1716 1593
5895 1601 1430
5896 848 1575
5909 1711 1535
5910 1638 1441
5919 1740 1680
5929 1324 1370
5935 1305 1402
5948 1538 1915
5958 1606 1428
5960 1693 1547
5968 892 1522
5969 1601 1397
5978 1583 1421
5979 1188 1496
5982 1637 1504
5985 1583 1394
5986 1632 1408
6001 1586 1391
6003 1669 1755
6004 833 1611
6006 1710 1543
6016 829 1541
6021 1631 1441
6037 1629 1468
6038 1714 1603
6039 1546 1440
6040 1733 1534
6043 1703 1720
6057 1729 1536
6058 1714 1579
6063 1695 1553
6064 1591 1416
6070 1646 1801
6079 1601 1863
6081 832 1569
6082 1642 1412
6087 1674 1548
6088 1626 1826
6092 1449 1417
6096 1592 1391
6099 1714 1713
6104 1746 1674
6109 1695 1575
6110 1697 1550
6117 1336 1375
6124 787 1688
6130 1640 1448
6131 1620 1479
6137 839 1528
6139 1690 1560
6148 1045 1468
6152 1687 1539
6162 1750 1676
6167 1427 1433
6169 1660 1551
6174 1689 1555
6177 1700 1575
6190 1704 1530
6200 1630 1460
6206 1682 1559
6211 1695 1532
6216 1347 1929
6226 1640 1437
6239 1749 1672
6240 1732 1529
6242 1693 1528
6246 811 1686
6250 1622 1834
6252 1694 1726
6255 1677 1747
9 1714 1597
148 1632 1434
411 1557 1415
525 1351 1378
605 1632 1431
691 1323 1387
745 1662 1761
1220 1582 1408
1735 842 1573
1743 1757 1674
2131 1658 1548
2206 809 1708
2458 840 1677
2622 1253 1436
3466 1578 1401
3479 1725 1702
3513 1682 1554
3919 1569 1906
3962 1604 1434
4072 1736 1649
4125 1601 1411
4796 1701 1548
5025 1584 1415
5441 1568 1415
5466 1388 1399
6005 1594 1411
646 1728 1635
1349 1651 1546
2516 1746 1645
2826 1664 1544
2982 1664 1552
3177 1732 1691
3236 1539 1436
3381 1718 1540
3671 1433 1434
3701 1246 1446
3959 791 1675
4018 1703 1567
4224 1635 1508
4515 1695 1735
4530 1629 1473
4638 1700 1540
4766 1202 1494
4794 1401 1398
4807 846 1637
5298 1233 1451
6032 1558 1912
6237 1634 1519
101 1200 1494
244 1702 1726
286 1753 1651
482 838 1620
1588 1528 1447
2531 1610 1413
2701 1362 1373
2755 1702 1557
2872 1668 1549
2922 1658 1540
2951 1708 1579
3079 1752 1648
3104 1592 1402
3334 988 1487
4253 1610 1396
6129 1725 1542
6217 1594 1395
347 1440 1435
833 1354 1920
1045 1746 1660
1508 1727 1622
2015 1763 1666
2294 1605 1847
2449 1434 1414
2733 1107 1478
3391 1385 1960
3816 1480 1451
5828 1644 1538
6059 1698 1530
6 1003 1480
32 841 1516
91 1245 1456
102 1235 1458
121 1447 1437
138 1638 1399
376 1748 1683
2228 1354 1373
2593 1615 1410
2763 802 1687
3025 1710 1573
3539 1624 1829
3811 1295 1407
4407 808 1696
4484 1412 1414
5120 1639 1500
5448 1550 1421
115 1346 1900
350 1557 1422
1016 1425 1429
1144 1641 1517
1902 1284 1411
2303 1411 1410
2340 855 1518
3837 1565 1425
4750 824 1600
4803 1335 1371
5051 1568 1421
5222 1258 1437
5973 1547 1436
6161 833 1678
71 1702 1535
499 1340 1369
750 1629 1393
1252 1066 1460
1687 1365 1959
1981 1570 1406
2209 1708 1546
2443 1420 1416
2528 927 1524
3228 1637 1453
3256 1012 1476
3751 1649 1531
4198 1718 1527
4263 910 1524
5078 1761 1647
5225 798 1705
5480 1420 1948
6103 1638 1433
6196 1697 1729
26 1578 1904
106 1705 1591
195 823 1580
435 1690 1743
471 843 1665
653 815 1693
1050 1309 1394
1174 1720 1603
1438 1308 1397
1537 1645 1407
1751 1766 1655
2039 1225 1473
2747 1691 1544
2864 1742 1641
3041 1623 1400
3081 1489 1454
3225 1441 1411
4088 1383 1396
4889 850 1512
5247 1210 1495
5257 815 1672
5417 1624 1401
5445 1413 1942
5583 1469 1441
5599 1595 1418
5656 1484 1946
6149 828 1565
261 1652 1790
1429 1642 1799
1488 1139 1501
1577 1268 1418
1747 863 1524
2752 1609 1424
3843 1578 1392
4555 1402 1404
5135 1519 1915
5364 1608 1403
5456 1729 1698
5892 1605 1407
136 1633 1421
189 1109 1486
388 836 1522
527 901 1521
1120 837 1537
1814 1515 1450
2407 1593 1876
2529 1644 1489
2559 1592 1429
2561 1595 1434
2830 1520 1446
3771 1599 1869
4762 1074 1466
4787 978 1501
5065 1458 1437
5216 1243 1413
5316 954 1754
5598 1163 1490
78 1693 1566
132 1529 1928
477 884 1721
1657 1366 1379
2037 1577 1415
2637 1393 1393
2944 1234 1469
3103 1504 1456
3697 1036 1466
4129 1731 1539
4228 1252 1426
4528 1731 1630
4598 1128 1493
5716 1532 1443
6047 1587 1398
6114 1219 1480
4763 1717 1709
6023 1627 1480
1525 797 1669
1989 1571 1898
806 846 1530
3157 1241 1448
4281 1495 1929
4409 1234 1426
5913 1711 1715
1999 1355 1933
5853 793 1695
4258 934 1529
3946 1679 1546
419 1326 1380
1347 1673 1754
5604 1724 1613
273 874 1528
1725 1552 1921
4659 1675 1552
3344 1551 1916
2925 1626 1459
4586 1559 1411
550 1372 1945
1472 839 1569
2145 1715 1585
2467 1717 1589
581 821 1739
2955 814 1654
4933 1378 1383
2897 1606 1441
2149 1428 1411
2879 1540 1429
5000 1656 1770
5330 1613 1868
53 1737 1687
3556 1629 1824
5050 1100 1471
5904 1741 1653
4680 875 1712
3657 1657 1776
5667 1337 1870
4180 1686 1734
4934 1141 1489
5308 1146 1490
2737 1513 1923
1403 1350 1367
5696 946 1508
4361 1750 1518
239 1663 1520
381 828 1514
2099 812 1608
788 1654 1450
192 1596 1893
4384 1331 1963
5967 984 1480
2485 1659 1410
494 1492 1437
