1014
801 179 316
793 33 252
628 148 136
456 131 309
443 24 380
519 286 185
211 220 131
355 288 362
48 51 350
309 276 40
474 131 336
695 129 197
603 382 32
325 308 323
82 122 341
244 19 363
93 331 100
696 260 298
129 25 204
194 350 393
928 399 36
195 75 371
345 360 314
299 366 353
6 344 127
1004 379 68
758 4 213
139 304 288
19 90 90
735 148 224
754 95 153
413 150 363
60 317 203
876 25 356
712 224 67
872 343 76
658 395 270
777 349 68
136 60 203
283 106 36
949 383 291
41 232 199
331 263 386
304 83 246
678 8 198
829 235 185
143 328 353
441 392 94
23 161 390
535 219 383
412 180 324
138 40 318
813 388 234
383 323 275
357 375 249
890 39 1
50 265 75
470 355 32
268 237 165
810 353 84
973 206 200
689 58 343
431 116 223
368 248 300
704 187 370
941 13 2
505 1 41
354 303 89
978 356 158
789 33 157
77 97 340
765 38 332
58 121 398
969 40 335
408 155 231
596 324 379
909 187 136
853 21 263
933 366 112
365 38 46
451 249 259
191 275 364
688 375 389
791 284 54
471 340 379
487 215 256
4 167 79
290 8 38
422 346 366
848 26 314
125 49 202
572 283 304
1006 375 290
864 82 22
666 192 187
561 337 136
447 354 72
342 55 206
726 118 98
350 258 10
433 92 25
310 320 8
616 202 395
573 6 102
592 120 108
380 282 21
674 148 168
792 361 345
47 316 196
271 45 173
400 125 165
241 113 163
629 307 153
439 81 271
391 20 246
869 164 136
220 355 348
630 72 312
192 275 160
326 294 163
752 2 85
302 393 82
954 274 220
159 371 81
694 310 211
867 279 280
955 221 47
528 172 201
189 155 154
164 312 21
539 5 272
896 78 70
429 349 336
514 173 332
86 111 191
295 351 365
716 206 156
13 316 389
593 277 104
501 307 327
381 91 29
799 376 179
669 234 21
90 57 135
475 200 78
69 264 85
868 135 261
379 113 15
432 372 382
320 378 29
926 197 257
680 336 303
632 397 68
834 389 80
486 247 85
284 198 332
71 275 52
339 118 340
79 14 314
807 300 173
917 1 22
445 220 266
846 23 180
529 141 74
12 264 296
26 361 39
40 117 189
362 82 218
344 168 337
130 11 274
818 222 219
668 267 181
667 94 151
717 309 303
513 121 213
975 216 84
708 165 43
131 103 354
24 57 220
382 206 132
182 384 214
52 32 238
64 232 144
947 99 362
335 72 47
168 231 361
843 87 17
204 320 96
548 105 100
556 135 292
607 187 122
652 392 333
94 175 255
871 89 101
208 49 70
859 204 101
698 36 383
229 150 384
873 14 42
578 392 189
907 318 75
774 23 49
649 181 213
929 174 164
741 192 128
983 320 80
46 27 52
181 54 210
230 37 345
266 383 335
480 23 27
772 13 72
536 328 61
559 16 276
322 181 319
661 379 387
957 303 240
1002 320 72
488 214 328
497 345 341
692 251 370
923 16 131
924 308 353
714 0 344
602 27 188
469 170 90
18 374 112
557 346 221
305 32 264
428 178 390
707 259 226
491 165 217
809 314 20
410 121 208
449 276 109
805 38 89
257 13 214
581 23 39
738 386 79
190 366 370
699 331 382
739 320 83
2 186 355
455 351 301
584 259 293
546 17 352
764 110 229
886 272 388
8 65 360
910 351 268
463 47 3
898 367 396
11 99 52
1010 109 276
583 351 382
744 169 149
446 155 390
888 350 284
296 342 28
38 334 13
223 202 213
806 3 29
360 183 85
406 236 181
83 184 127
301 220 373
838 24 86
877 259 122
329 297 332
81 278 3
358 15 121
811 386 45
986 383 72
158 365 102
171 325 4
453 6 275
857 107 160
625 229 244
209 352 194
370 256 174
914 58 217
317 156 341
710 264 350
748 30 213
278 275 280
328 249 254
397 115 338
671 158 89
563 17 171
462 242 77
897 168 293
146 348 345
121 228 209
534 190 277
399 357 289
967 41 337
882 49 1
91 20 168
974 180 371
921 234 389
387 53 154
66 312 247
976 228 212
769 255 227
817 286 390
800 377 346
148 43 236
802 298 274
552 345 357
842 228 364
512 187 332
524 397 138
127 247 220
784 94 86
981 175 257
54 132 108
273 292 281
7 115 179
757 318 185
936 210 26
697 221 18
847 198 383
92 310 112
245 178 290
141 308 378
308 243 277
821 254 25
318 317 303
530 42 396
402 228 80
785 150 185
101 314 279
95 334 128
722 228 246
911 14 168
53 179 372
831 154 208
701 91 50
120 34 266
731 329 125
564 110 164
851 109 164
972 376 387
375 66 371
679 372 269
349 293 9
874 142 23
750 319 171
647 322 388
858 281 186
425 280 149
285 332 73
711 292 84
903 295 228
252 85 128
411 95 164
644 258 365
582 283 347
75 166 202
415 229 99
255 381 166
1008 9 329
70 84 32
608 377 165
1005 172 14
258 137 278
753 167 398
132 375 33
237 304 35
458 248 326
303 136 385
540 120 343
825 175 21
854 114 288
944 66 264
376 225 241
478 332 340
622 40 75
351 349 214
721 37 183
343 174 54
822 77 311
307 158 328
542 37 66
790 172 264
126 226 379
579 152 392
621 254 143
918 46 305
63 103 298
527 120 87
356 0 171
966 112 12
998 74 180
207 353 364
293 266 239
588 280 266
249 249 285
175 397 375
676 257 245
173 225 187
849 172 293
751 103 177
916 273 178
508 288 358
298 372 224
336 353 91
468 71 250
369 382 315
835 335 20
724 119 269
363 192 112
390 0 77
483 232 117
374 356 282
878 46 358
720 83 45
461 142 227
165 241 57
650 382 175
300 397 271
103 245 263
106 37 289
347 207 46
706 290 31
520 193 272
359 113 294
946 339 269
544 239 68
442 341 150
291 33 201
150 316 284
795 56 15
464 200 357
17 130 229
1013 283 256
218 268 164
657 92 52
747 217 43
319 23 156
161 204 69
21 171 36
895 395 127
771 343 351
479 309 44
715 162 170
925 154 377
373 97 30
550 42 314
953 111 197
740 326 386
28 146 253
541 112 102
935 205 47
198 140 63
515 126 180
840 230 63
994 271 194
25 30 31
963 382 19
334 17 252
905 258 319
938 143 389
421 90 254
5 167 13
155 349 362
623 88 1
845 160 378
424 104 6
465 270 162
324 154 247
435 198 47
824 308 273
570 229 171
690 147 362
893 202 399
939 366 197
197 143 312
725 82 30
990 131 63
215 21 19
682 312 275
332 195 231
855 13 73
44 398 209
700 326 259
196 211 364
264 147 166
430 244 27
183 258 127
775 130 225
274 314 139
850 379 218
619 137 223
492 74 311
733 75 319
254 235 229
409 255 109
1011 315 83
214 104 246
549 9 33
3 274 91
122 169 315
932 317 384
631 127 105
597 133 383
472 291 176
145 88 125
1009 285 90
996 367 144
248 70 33
883 88 18
589 397 72
33 179 285
482 370 148
836 322 207
427 32 63
670 392 42
262 385 349
585 87 208
156 317 38
414 230 58
532 60 120
467 395 393
642 328 332
875 69 112
985 159 294
200 290 341
899 56 369
420 304 378
545 245 20
137 366 351
518 156 306
574 237 242
59 23 170
102 222 141
734 127 50
96 137 3
419 71 310
687 312 117
681 251 262
879 64 103
987 395 38
134 240 285
166 107 123
270 305 177
922 88 388
755 357 394
68 322 307
416 367 24
576 174 363
595 66 255
1007 165 253
533 122 293
627 13 59
523 124 96
727 69 231
852 157 201
281 114 167
444 28 63
537 72 322
591 45 270
22 54 118
553 322 235
705 165 267
942 371 338
162 385 139
30 233 113
246 20 39
394 341 299
803 382 336
109 313 41
118 357 303
598 240 126
902 374 73
149 133 235
315 176 309
880 329 117
116 313 2
34 345 114
767 134 295
234 272 259
476 119 67
16 331 222
348 117 62
565 108 76
558 328 75
773 72 25
940 219 253
154 399 81
250 48 204
506 91 387
919 214 241
862 359 15
516 69 29
931 205 56
157 198 174
703 20 195
1012 232 241
232 101 290
313 39 151
968 112 319
151 146 92
691 187 315
912 302 59
730 260 8
185 6 300
920 203 232
798 334 178
338 121 349
551 396 104
580 5 15
395 257 158
438 86 235
531 255 131
163 97 259
502 342 57
828 335 97
436 384 355
457 197 9
759 77 47
108 265 49
115 89 294
904 178 102
999 125 237
485 63 245
117 253 4
228 60 62
648 273 54
39 108 175
178 5 293
316 248 121
213 133 198
396 236 92
489 169 310
656 299 272
9 370 101
948 287 273
891 288 168
51 225 258
1003 305 344
404 20 147
29 252 228
600 80 318
844 142 270
128 168 23
685 134 35
970 208 170
768 79 247
820 27 98
226 191 230
677 383 325
1000 47 335
259 230 117
562 351 167
640 13 279
815 271 139
952 28 207
78 236 121
172 234 269
737 224 153
778 380 161
289 375 42
384 69 80
937 320 146
261 228 23
992 370 4
781 324 239
839 166 69
885 108 391
870 383 377
216 46 144
418 227 4
481 362 390
770 332 259
814 245 205
174 72 288
473 153 151
991 226 38
620 47 312
729 285 118
110 106 337
510 358 215
865 357 236
205 364 176
606 21 66
247 198 141
571 30 185
321 65 316
945 221 346
160 164 226
385 5 228
613 50 331
826 173 233
927 256 119
74 363 335
684 332 347
45 344 265
611 311 73
80 347 194
686 324 37
388 173 369
251 49 19
169 360 133
962 172 285
87 232 290
392 96 236
594 331 148
386 11 386
641 134 80
908 253 193
894 213 292
749 196 153
113 83 259
554 2 353
72 148 17
99 336 55
36 321 198
762 171 238
982 237 8
995 257 125
989 112 20
170 99 274
683 263 361
279 359 198
280 273 127
517 63 16
609 325 303
459 192 178
522 353 342
184 157 80
709 93 79
760 36 334
856 260 57
0 77 162
663 61 213
124 218 194
366 64 344
265 257 269
67 89 51
352 297 257
224 110 363
231 211 110
297 120 82
610 44 286
340 5 105
702 354 205
495 207 172
718 362 8
881 328 269
206 30 274
951 249 91
466 245 95
626 51 193
210 87 320
494 18 389
454 48 217
236 251 232
743 147 110
221 47 392
913 45 81
256 343 389
107 129 276
634 332 65
509 121 376
615 137 318
225 47 50
569 212 42
713 97 121
605 356 334
477 148 120
538 151 355
645 138 125
958 203 108
73 140 5
240 184 154
841 219 17
732 351 172
10 208 191
286 264 152
525 224 223
55 170 319
364 330 107
1001 140 367
144 25 271
590 339 144
673 384 345
984 233 214
587 265 160
672 236 324
98 397 155
62 202 272
104 282 380
105 285 233
153 154 235
267 71 380
378 241 361
819 6 59
934 181 116
212 347 205
49 259 376
235 65 221
889 292 299
217 142 390
901 143 46
393 25 309
1 329 84
88 25 265
37 87 122
372 362 228
728 307 340
437 129 335
193 291 1
277 179 333
490 267 251
965 87 32
979 281 274
971 327 97
639 55 363
243 399 22
341 107 136
20 252 355
180 214 152
961 249 373
403 115 118
560 164 21
577 251 41
114 366 1
823 276 388
100 226 361
787 20 322
756 201 322
97 219 390
693 92 237
333 264 208
423 274 145
371 253 351
547 231 18
887 48 209
179 240 282
780 272 373
643 17 184
654 156 163
199 3 345
604 346 12
659 276 345
746 231 54
498 272 245
915 38 306
719 202 271
203 121 204
448 151 20
675 312 166
832 223 344
112 78 202
993 116 389
504 332 30
637 67 141
89 99 171
337 320 121
575 211 308
892 184 341
119 279 277
997 144 372
964 318 277
76 337 119
405 80 108
660 266 17
167 235 391
346 299 341
830 3 130
272 366 211
782 357 23
665 147 285
988 286 66
152 270 92
239 126 201
507 11 381
812 268 68
123 294 133
796 174 395
493 162 323
426 236 387
32 389 189
779 124 155
651 162 183
827 227 91
188 262 341
555 29 108
816 362 322
499 347 338
222 95 157
543 80 112
884 365 346
260 93 126
662 68 42
263 148 144
276 187 181
330 137 145
452 216 339
511 201 226
417 209 233
863 69 146
85 50 228
736 56 311
950 227 55
42 138 314
960 359 211
638 252 297
407 23 385
434 59 280
766 274 170
61 163 131
147 187 25
599 241 316
111 97 177
980 186 231
253 6 169
401 137 345
201 44 216
612 310 33
633 112 67
282 374 345
135 194 388
788 7 234
956 80 396
783 271 224
176 307 52
566 236 209
786 221 292
288 346 31
311 106 259
745 361 173
327 32 55
521 236 395
794 248 270
808 347 290
238 32 269
287 274 344
242 284 95
65 146 201
943 396 317
617 122 390
314 12 255
567 293 399
377 386 146
219 327 117
601 272 147
655 41 115
833 181 72
186 139 359
635 249 95
312 263 156
804 187 304
500 182 356
306 81 311
776 215 212
15 313 354
294 167 276
653 74 165
292 272 249
460 122 16
646 70 0
526 161 34
177 319 123
233 24 224
353 21 70
31 343 71
484 221 353
503 357 1
140 380 315
761 108 80
269 262 309
496 92 104
837 305 171
27 252 88
861 138 51
398 158 138
723 196 243
389 269 319
227 291 128
742 233 169
56 124 161
84 42 68
586 274 268
906 170 157
930 340 185
440 219 131
624 119 40
797 111 124
142 364 324
664 197 75
866 344 120
14 261 274
450 384 120
133 229 183
361 215 94
900 75 107
187 197 178
568 27 281
860 175 341
275 290 156
636 200 133
959 211 48
43 322 28
57 138 256
202 143 189
367 195 306
323 62 51
35 386 298
614 356 34
618 150 361
763 110 289
977 328 328
