1123
103 1011 788
106 1046 380
349 791 358
108 791 326
535 1135 777
368 636 1120
669 581 834
1038 221 202
70 245 226
604 245 202
736 491 414
918 525 414
781 525 380
1103 690 190
1069 584 918
455 622 918
1072 209 834
163 864 563
799 844 543
987 904 1004
1079 858 1004
365 1136 1085
327 1136 1125
235 380 255
975 130 328
277 1034 1050
384 41 173
28 953 995
171 688 667
1027 443 897
151 407 897
388 716 454
224 1141 290
46 1082 98
871 33 975
467 277 1118
1061 71 421
429 71 395
802 223 695
444 1166 394
281 503 927
985 481 949
72 1172 456
419 133 586
548 133 566
674 153 566
7 153 586
82 1002 264
653 1002 208
221 625 241
109 625 273
357 593 241
458 780 1050
558 826 1096
637 145 911
963 145 957
706 158 262
35 180 262
67 267 1008
1036 237 978
765 802 552
691 802 592
547 136 419
203 136 443
289 784 1128
68 555 405
117 585 375
649 585 405
1097 520 248
582 464 248
423 598 1058
292 598 1038
603 578 1058
264 669 48
854 1161 1012
418 834 868
387 868 347
190 844 371
900 825 12
907 542 510
386 570 510
570 930 495
270 636 1121
1087 532 764
275 210 738
340 1046 494
636 1044 496
715 780 228
833 435 764
725 532 763
848 235 105
283 143 103
948 721 1009
97 525 1131
343 483 55
698 290 454
318 289 121
974 858 1049
947 56 1088
950 55 1197
949 430 1091
966 42 123
782 689 715
85 1132 895
1104 23 816
543 78 871
361 40 752
469 40 684
841 947 264
702 92 702
69 464 303
254 863 500
335 728 48
628 834 803
914 228 1161
1070 348 928
681 292 928
177 347 929
1120 301 321
378 945 788
865 932 381
818 760 326
1094 1199 777
955 977 88
170 907 158
307 653 832
693 529 765
14 234 11
84 632 190
880 690 188
665 966 28
195 923 29
94 965 29
989 188 455
823 1096 1124
389 1097 1125
940 702 625
490 616 625
1078 616 533
363 703 624
360 702 533
169 130 287
588 88 287
1029 129 286
1050 443 862
1065 1141 255
370 1106 290
215 383 458
968 341 1052
47 1092 645
15 1123 614
463 1124 645
780 1124 615
1060 225 615
523 301 615
513 1136 103
421 152 1059
899 152 1027
596 441 213
514 879 890
86 909 922
409 879 922
881 238 1008
1089 763 592
599 155 702
755 154 765
911 1121 961
960 1122 928
196 1044 1140
402 1001 1139
451 428 360
926 555 376
503 556 375
961 110 32
425 191 144
1051 192 179
0 157 144
743 156 145
896 157 180
445 768 804
607 833 867
75 413 623
253 369 623
557 1010 854
903 945 855
111 780 177
473 738 1124
515 909 89
728 979 157
748 221 225
773 720 1055
951 675 1008
991 213 834
936 569 1130
800 398 52
250 291 557
437 290 558
598 187 557
286 361 49
727 291 47
44 904 1006
497 160 1088
40 424 301
654 425 300
619 380 299
220 426 299
984 1008 994
296 736 669
102 690 667
584 1036 96
449 1082 54
585 1037 53
364 1081 53
537 1084 846
12 1131 845
58 1132 846
1054 96 395
539 97 420
573 23 869
375 40 686
1057 1135 105
1074 1134 190
1116 1174 506
288 1172 458
640 780 1094
924 145 913
912 143 911
925 100 912
946 159 419
908 160 420
324 160 442
839 159 443
776 785 1185
645 519 303
927 860 421
708 868 370
238 844 348
572 867 371
62 825 35
27 801 35
861 569 510
372 342 277
191 300 319
210 1137 712
840 1136 713
740 1199 776
810 975 160
309 435 671
703 995 664
803 934 603
789 932 605
767 931 664
356 232 105
200 148 11
957 689 188
32 688 131
204 630 187
54 620 956
687 586 956
657 585 955
494 621 919
568 863 563
1016 845 563
635 863 543
420 864 544
428 844 562
240 864 562
471 55 1092
269 60 1088
125 617 534
508 90 328
1035 1033 1070
1014 1015 1050
48 1014 1069
152 1014 1051
22 1034 1069
682 1008 941
859 1009 942
849 407 863
176 1107 254
95 383 552
747 32 940
492 31 975
522 340 1118
741 25 870
1052 78 817
670 303 691
663 301 617
1064 482 927
51 503 948
851 946 211
267 1035 828
1 1056 807
135 1035 806
853 1056 827
280 1034 807
777 158 283
76 179 284
30 159 284
988 180 283
251 530 214
132 801 591
460 801 553
236 92 704
852 842 1131
836 1044 1181
754 1043 1140
156 1044 1141
333 1043 1182
589 356 358
239 425 433
717 352 362
60 427 431
813 786 500
130 861 499
1059 783 425
701 578 1057
385 578 1039
456 727 47
758 669 45
811 768 865
895 411 580
965 411 624
367 295 873
332 759 356
602 760 357
39 829 177
980 828 176
341 642 1120
1100 995 607
81 493 380
310 491 382
730 236 16
205 673 1053
141 210 829
282 570 1174
1030 525 1133
1034 292 460
248 901 1050
328 904 1047
962 68 537
1110 495 1091
1080 497 1023
575 429 1025
110 615 621
186 423 255
660 425 257
410 426 258
745 91 126
905 686 456
892 687 483
1107 686 482
290 472 552
655 473 461
744 1039 98
824 1093 615
952 1094 614
531 1092 616
234 298 695
756 183 1057
561 183 1029
986 593 271
967 625 271
845 824 1051
998 823 1050
529 101 956
882 909 891
564 910 892
672 910 920
680 266 979
826 237 980
1114 95 702
618 96 701
888 1090 927
172 1089 960
87 1088 929
96 423 434
611 585 403
794 672 47
1058 833 865
832 830 868
897 344 318
29 300 280
64 1037 380
211 931 387
185 930 388
34 780 225
774 829 226
158 302 742
123 299 739
1022 191 557
921 358 48
247 358 120
867 66 632
768 64 634
650 1099 1085
382 701 536
919 53 314
150 49 238
304 279 1055
45 96 396
856 95 395
100 225 691
920 1167 391
1109 1170 394
648 950 208
942 532 122
164 442 122
616 441 209
956 764 553
877 801 554
440 799 552
183 841 1183
219 1001 1181
147 1043 1181
291 517 303
443 861 425
507 68 34
140 69 33
1021 772 803
124 279 1163
796 281 1165
870 371 581
785 372 580
400 371 623
383 292 925
997 347 876
742 570 508
198 569 509
366 568 482
1010 569 483
17 543 483
476 943 794
580 943 850
801 1041 385
772 913 88
496 910 91
120 583 766
454 583 830
1081 586 763
181 527 762
729 532 757
923 439 762
1007 144 18
634 688 133
90 621 920
527 620 919
752 305 746
143 527 1174
835 529 1176
155 567 1176
996 481 51
278 291 552
837 188 553
632 41 127
658 688 711
314 736 711
898 468 554
633 1039 97
1019 1038 54
165 0 975
1002 228 693
380 36 685
1091 1173 503
483 1174 458
474 824 1094
1032 439 206
465 94 762
450 96 764
559 160 441
77 1091 961
891 787 1130
825 785 1132
982 352 364
822 191 178
1106 190 179
711 1164 1081
805 801 14
1009 342 319
506 303 278
262 340 321
821 340 277
1084 784 228
237 733 1125
869 650 766
486 991 605
302 230 13
475 143 20
217 630 136
935 298 740
549 482 49
578 161 1095
601 1132 1085
1056 1135 1122
326 1135 1088
938 1133 1086
846 1134 1123
9 1132 1125
893 622 625
876 126 286
315 86 173
526 49 316
424 54 245
546 716 481
413 713 484
879 689 454
166 1084 891
762 1133 890
433 343 1112
928 343 1058
502 340 1055
571 1093 644
26 1095 646
331 154 1059
59 1168 343
978 1171 340
279 1167 344
396 135 586
553 134 585
1063 1055 807
718 1034 826
66 527 119
554 526 214
246 526 118
1075 909 920
806 152 703
540 1040 1183
820 585 378
656 555 378
19 789 423
1037 855 501
885 856 422
415 579 1039
623 578 1056
566 578 1040
828 580 1038
910 70 75
104 107 76
162 68 73
1033 111 72
1045 1166 1082
322 1168 1084
858 1161 1077
398 772 866
311 227 1166
536 231 1162
945 232 1161
79 1044 486
510 1038 492
646 1135 718
188 1194 711
857 731 1124
977 736 1129
700 651 828
775 438 673
1102 436 675
303 936 665
362 990 605
719 938 667
308 231 101
342 215 742
268 305 824
757 530 1130
639 525 1171
779 475 55
724 286 459
683 285 458
972 282 559
563 361 114
1031 292 51
819 155 1195
416 621 535
592 704 542
620 615 541
784 1003 939
133 692 714
872 33 971
493 946 258
468 530 209
797 527 212
542 96 704
1096 836 1128
11 421 433
339 352 426
394 192 148
427 292 879
759 542 507
816 301 317
532 304 320
1113 301 281
80 305 321
453 1046 393
569 1033 380
213 939 384
933 933 486
101 831 222
844 1142 712
678 1195 775
675 436 756
478 530 676
538 521 414
173 237 22
953 226 11
337 687 186
694 636 131
379 684 131
544 922 24
863 211 747
778 218 832
624 483 46
834 187 465
979 58 1097
901 429 1029
16 130 323
119 125 328
187 47 173
1066 44 170
576 43 169
995 44 237
873 467 460
600 1089 845
121 1085 849
276 94 421
915 225 688
91 1172 500
393 444 208
860 842 1179
875 837 1184
732 426 365
560 420 359
222 420 433
138 670 42
878 834 810
56 828 804
944 834 860
1053 413 619
917 944 848
533 946 850
817 951 789
615 1032 381
941 726 1121
306 729 1124
391 644 1125
178 445 668
712 445 764
922 523 670
23 445 763
753 931 611
462 987 667
466 237 93
209 155 105
581 636 188
808 715 1056
439 717 1010
122 718 1011
417 719 1012
1043 721 1050
43 589 918
78 587 920
545 622 923
764 565 1130
179 569 1134
733 525 1170
399 279 454
890 859 1045
297 860 1046
667 152 1090
1047 67 1197
294 613 545
426 959 940
505 690 484
432 714 456
194 387 549
791 391 553
407 470 464
664 382 468
913 1092 642
258 72 815
249 25 820
351 295 693
447 1144 192
485 953 208
787 952 209
1071 597 273
8 596 272
381 139 957
233 767 592
71 766 591
731 762 587
593 99 702
4 95 706
197 94 707
696 422 362
686 418 434
127 464 255
10 863 491
6 783 491
313 863 431
442 726 43
180 676 47
530 723 46
271 728 41
452 804 12
750 341 873
541 931 481
376 825 227
350 785 227
245 1142 775
643 1199 770
316 1143 776
737 979 150
916 590 763
884 531 680
404 521 762
272 519 764
265 936 607
1073 231 98
42 230 99
299 224 105
344 966 23
651 298 828
113 211 823
684 302 824
707 406 51
128 403 48
688 410 55
1046 404 49
504 358 53
243 149 1088
348 58 1187
647 432 1084
1006 431 1083
690 705 612
904 124 328
771 125 287
160 47 124
638 1007 945
677 1008 946
1108 48 314
1048 52 310
57 1110 290
662 1105 285
1003 1108 288
115 2 939
334 0 941
721 1088 847
518 278 1110
735 71 871
52 295 618
49 1136 113
583 1136 183
868 952 262
519 792 1128
112 841 1135
207 840 1134
520 520 296
812 472 248
746 516 252
610 863 490
550 156 175
709 1167 1016
1024 1165 1018
477 829 806
345 830 807
63 827 804
182 545 509
722 1008 795
517 940 388
788 943 385
330 945 494
2 1035 489
969 935 392
105 1199 719
319 651 1120
459 637 1134
1055 645 831
371 527 677
301 519 669
516 524 384
228 524 410
699 520 380
202 523 411
929 143 91
74 149 97
605 673 1015
403 222 833
1017 351 121
671 362 110
377 299 121
831 897 1004
431 69 1089
1092 158 1187
317 61 539
411 614 612
274 693 623
751 613 611
1004 1017 1050
263 46 241
710 45 316
697 45 240
20 463 553
13 394 554
556 1080 93
499 1077 96
154 1036 91
293 1081 92
148 283 1114
591 277 1108
954 334 1053
973 279 1110
359 75 395
435 71 399
244 72 398
159 224 626
738 227 623
55 301 625
1112 301 685
412 1146 104
714 1141 109
579 453 118
528 1088 956
676 1121 931
320 1122 932
685 595 1058
501 598 1055
1098 581 1058
149 597 1056
137 300 284
397 306 320
354 933 396
586 1046 477
395 790 354
889 786 358
1005 1199 768
847 1199 720
18 636 1136
414 908 149
392 974 95
1020 977 98
405 908 99
644 968 89
352 918 159
295 911 152
1090 583 772
930 581 774
227 584 771
157 581 822
804 529 752
142 991 609
369 632 182
489 718 1051
1068 719 1050
134 673 1016
641 584 924
61 585 923
498 212 822
970 224 738
199 293 742
1067 220 743
93 221 741
408 398 41
1011 410 53
886 202 559
815 300 47
883 354 117
790 147 1197
793 435 1086
216 439 1090
261 499 1080
795 433 1028
1076 495 1084
1119 435 1026
1042 489 1022
41 698 541
679 624 621
761 699 616
436 627 624
401 126 289
464 91 165
1023 953 986
242 956 945
193 475 539
760 382 541
338 1084 852
829 1133 853
932 1083 853
855 341 1061
83 76 865
689 24 823
92 31 751
1095 37 745
174 1148 193
24 1134 117
629 999 214
145 1000 257
567 997 212
630 993 208
606 625 246
609 593 268
88 624 245
511 454 119
976 155 756
992 140 443
353 136 439
487 139 442
259 362 360
161 364 434
25 422 428
716 363 359
214 556 401
1121 560 375
184 559 376
1018 555 400
786 512 249
959 473 304
1082 105 33
305 104 32
118 186 144
329 161 179
1041 768 813
126 779 868
612 821 36
373 805 36
167 408 622
770 369 617
50 293 881
260 297 877
1093 1000 855
937 1003 792
257 999 856
488 952 853
666 942 488
792 935 395
642 1031 491
1117 788 176
232 779 185
5 520 760
481 450 668
136 521 759
981 985 604
705 994 657
597 491 408
1115 494 411
902 519 380
521 496 413
887 497 414
617 521 382
273 157 13
783 300 750
146 304 754
827 571 1168
336 568 1171
1111 570 1137
206 569 1136
1039 568 1135
256 470 54
1122 402 44
114 357 113
241 55 1180
713 65 1096
33 58 1103
1118 429 1079
430 441 1091
491 439 1023
590 488 1090
472 436 1026
1062 1096 1118
1001 1102 1124
625 1101 1123
842 692 536
438 387 300
906 50 247
943 473 472
1026 1044 52
766 234 692
749 235 693
769 783 1091
1101 780 1058
661 788 1050
448 786 1094
325 144 950
565 456 118
300 802 585
814 793 1185
441 841 1177
934 354 423
763 793 425
524 854 496
168 849 501
999 852 498
595 308 277
208 341 282
862 936 481
479 930 401
1015 1027 494
192 1045 400
321 950 381
723 938 483
850 759 352
577 791 332
1012 789 330
99 765 358
864 790 331
704 1189 777
695 593 833
668 634 183
284 630 179
652 683 134
1040 690 141
285 928 27
38 674 1048
739 676 1050
673 287 738
613 59 540
931 66 547
1008 64 545
512 429 1034
993 490 1087
994 702 547
983 956 988
484 957 945
562 961 993
622 53 251
1000 50 248
153 472 540
131 387 543
964 475 537
807 1098 614
509 482 946
470 499 949
434 481 945
1086 1181 456
1105 1172 465
116 956 264
347 996 260
1085 1037 827
552 619 273
909 521 122
692 533 198
457 905 921
266 904 922
555 92 713
594 1008 1183
390 471 251
574 109 70
374 768 814
798 271 1161
1049 340 875
223 542 487
587 1009 845
346 1039 395
525 1035 391
551 831 186
37 783 182
298 1199 766
231 731 1133
866 971 154
1044 513 765
65 144 28
189 688 140
894 280 463
21 292 475
1028 274 457
461 283 466
1025 361 60
446 294 55
144 867 1004
226 864 1007
175 860 1011
225 858 1013
36 75 1088
355 69 617
129 417 255
971 89 293
838 90 292
107 128 292
255 91 291
621 125 289
3 130 294
958 88 294
229 1034 1054
312 1018 1070
608 1031 1051
98 1033 1053
1088 1030 1050
480 1032 1052
726 86 168
252 1009 984
482 998 995
139 964 939
614 960 991
358 686 478
1099 1106 260
406 290 1118
843 278 1064
627 73 398
534 79 826
990 24 861
1077 233 621
809 227 683
830 228 684
659 238 616
212 1135 177
422 992 263
626 784 1055
31 145 920
874 142 951
89 145 948
218 533 135
939 802 560
495 787 1178
1013 834 1183
734 785 1176
73 581 403
1083 584 400
720 579 375
323 582 402
500 579 405
287 585 399
631 580 404
230 560 404
53 582 1038
201 162 179
