6257
5656 1124 1703
91 1132 1693
1429 1122 1665
4794 1091 1703
4125 1128 1646
4018 1145 1667
5225 1126 1703
4515 1099 1697
5025 1114 1665
5298 1087 1687
1508 1103 1691
3811 1142 1639
350 1149 1638
6196 1158 1651
3962 1096 1633
2037 1068 1673
101 1082 1646
121 1138 1630
3381 1109 1626
286 1086 1641
5065 1092 1646
5480 1109 1708
3334 1107 1635
3816 1517 1618
2593 1532 1630
5364 1507 1636
4889 1481 1610
261 1520 1637
745 1483 1617
2826 1528 1624
9 1517 1641
5828 1490 1660
5247 1483 1647
1144 1528 1666
2516 1538 1640
2528 1519 1653
2209 1498 1602
71 1056 1696
2294 1483 1644
411 1490 1656
115 1510 1604
6032 1514 1602
4762 1530 1658
195 1062 1656
2228 1534 1654
6217 1153 1623
2458 1513 1650
2747 1536 1648
3751 1512 1597
106 1472 1621
4807 1168 1648
2922 1528 1642
6047 1512 1660
2224 1478 1629
5180 1088 1713
3672 1512 1627
2306 1494 1638
128 1115 1628
3151 1461 1643
4555 1524 1628
3911 1469 1650
4852 1469 1652
2668 1506 1592
2365 1469 1646
2850 1484 1628
3656 1049 1687
244 1474 1641
2381 1109 1619
2424 1508 1649
701 1523 1607
4089 1171 1631
143 1477 1631
1537 1512 1644
5891 1127 1609
6226 1128 1607
4781 1082 1631
5057 1472 1636
3161 1468 1639
2320 1106 1723
869 1161 1625
2419 1109 1614
2954 1495 1633
5229 1496 1633
2870 1502 1594
1524 1496 1639
5716 1491 1652
2908 1464 1646
1362 1462 1638
476 1495 1649
1158 1086 1718
2847 1474 1634
2616 1459 1631
993 1513 1623
4628 1460 1647
4371 1467 1647
2080 1459 1640
1339 1134 1609
4632 1480 1626
331 1465 1662
3277 1544 1629
4856 1533 1621
2309 1418 1653
5893 1515 1551
1252 1430 1655
1686 1515 1560
1431 1122 1606
4899 1500 1588
4530 1532 1606
2948 1528 1609
3326 1474 1554
5807 1510 1572
1782 1496 1584
2926 1504 1559
464 1020 1660
2074 1047 1705
634 1482 1596
478 1505 1669
3055 1488 1594
59 1508 1672
5804 1426 1640
5751 1180 1641
1464 1395 1662
5433 1537 1676
4600 1496 1554
4158 1509 1585
5176 1430 1638
5559 1482 1553
1101 1524 1580
3101 1544 1641
3637 1390 1664
6189 1513 1571
4185 1447 1620
199 1092 1613
2477 1516 1583
5228 1498 1581
2881 1501 1678
1541 1442 1632
2912 1483 1572
4017 1439 1637
1237 1503 1573
1712 1049 1641
4012 1531 1676
2883 1448 1653
2749 1401 1656
336 1501 1621
640 1044 1708
4978 1437 1635
1888 1398 1657
2187 1452 1633
3789 1445 1661
3930 1505 1580
2608 1505 1554
3023 1041 1654
4231 992 1658
1837 1526 1579
1318 1533 1597
439 1460 1653
133 1456 1662
3613 1549 1652
3666 1539 1668
1483 1481 1552
6018 1480 1536
1420 1487 1583
24 1459 1613
4124 1483 1554
5429 1492 1590
1002 1498 1588
4629 1510 1562
5554 1508 1575
390 1413 1665
1851 1422 1648
4718 1543 1617
447 1445 1620
5845 1537 1681
1706 1497 1535
1522 1542 1621
3439 1483 1599
4866 1509 1570
4739 1514 1556
5944 1538 1627
488 1496 1531
608 1532 1616
4330 1450 1636
2680 1033 1706
2377 1543 1673
5582 1503 1587
860 1524 1578
771 1481 1535
256 1493 1555
1492 1443 1658
4431 1505 1564
6165 1058 1637
6252 1522 1575
4573 1531 1682
4439 1032 1690
4525 1524 1605
4921 1514 1555
3963 1069 1632
867 1524 1585
1297 1444 1621
5048 1541 1622
5609 1451 1638
858 1473 1656
1215 1513 1559
967 1479 1537
5569 1155 1613
38 1521 1675
3273 1481 1541
753 1528 1581
352 1538 1613
4257 1443 1632
5685 1452 1661
699 1457 1657
4163 1542 1666
391 1437 1628
449 1441 1628
4368 1498 1549
2939 1496 1579
4971 1163 1620
4356 1395 1666
632 1516 1610
460 1493 1557
4152 1495 1677
1384 1118 1599
181 1483 1661
1146 1492 1593
5555 1487 1623
3583 1526 1617
1195 1526 1679
4863 1469 1609
2814 1477 1547
2905 1514 1563
5895 1474 1560
1853 1505 1546
1290 1457 1663
5762 1522 1611
2336 1517 1588
98 1509 1580
1728 1494 1547
4854 1497 1630
4255 1516 1574
4920 1506 1541
2621 1098 1735
4859 1488 1627
1674 1525 1593
2560 1534 1672
2825 1489 1630
5763 1497 1541
2726 1532 1679
19 1495 1613
2783 1497 1619
315 1515 1672
2011 1540 1613
1861 1449 1656
4873 1459 1655
4470 1517 1581
4751 1066 1629
5755 1511 1552
5943 1477 1564
3757 1504 1539
6248 1467 1653
5173 1514 1580
1445 1496 1590
332 1493 1588
3471 1509 1587
95 1502 1671
4512 1452 1624
60 1493 1625
499 1483 1664
4936 1457 1648
3176 1511 1543
2838 1495 1571
1907 1437 1640
3390 1501 1610
626 1495 1589
652 1481 1547
240 1476 1546
325 1478 1553
1026 1547 1633
2656 1496 1540
1143 1520 1594
1500 1515 1565
3820 1500 1563
4844 1494 1620
3049 1440 1660
4413 1515 1586
6228 1110 1739
207 1500 1669
319 1498 1583
3453 1459 1648
4295 1517 1591
3387 1525 1684
3483 1479 1542
2109 1441 1650
51 1482 1566
159 1414 1664
727 1116 1624
1111 1477 1550
1917 1501 1572
3691 1492 1585
787 1516 1566
1874 1509 1551
615 1525 1597
5302 1512 1568
4537 1486 1626
906 1037 1721
2981 1502 1679
3398 1399 1660
3431 1501 1622
4846 1521 1671
5146 1511 1674
3552 1553 1669
4291 1503 1586
2500 1514 1540
5868 1453 1617
855 1448 1631
6103 1502 1618
2829 1493 1542
731 1115 1600
3016 1184 1626
3249 1519 1548
4131 1537 1634
388 1512 1559
1226 1386 1661
2980 1451 1646
564 1452 1634
1008 1492 1535
4298 1486 1592
5407 1517 1576
1589 1541 1627
3588 1498 1552
337 1188 1636
2044 1491 1616
4377 1545 1663
765 1485 1545
994 1544 1652
710 1487 1544
4267 1494 1551
6129 1501 1538
595 1450 1643
1652 1514 1680
957 1489 1619
367 1547 1676
1822 1537 1668
4831 1496 1566
1767 1517 1547
5191 1517 1544
5924 1484 1550
763 1522 1596
4481 1520 1683
5207 1527 1600
3184 1497 1563
5537 1511 1676
3922 1541 1670
1349 1485 1534
2371 1498 1568
5331 1524 1577
2755 1411 1665
3544 1520 1552
281 1490 1577
1155 1169 1619
6197 1421 1657
4057 1015 1676
5726 1547 1647
2181 1493 1675
3517 1522 1679
1764 1490 1672
4198 1111 1603
2251 1517 1676
3907 1433 1635
5508 1498 1543
3815 1536 1615
1578 1488 1577
6092 1440 1569
5583 1455 1541
1565 1551 1648
2059 1541 1581
4655 1455 1587
317 1585 1769
606 1398 1685
6149 1406 1675
5776 1434 1626
1438 1155 1592
3269 1516 1534
1613 1567 1667
4817 1476 1674
2373 1534 1558
3650 1202 1634
3902 1466 1673
4679 1585 1667
5035 1556 1641
3276 1360 1645
938 1504 1532
2533 1542 1576
4888 1460 1607
418 1423 1635
5265 1534 1542
5294 1564 1721
1812 1400 1689
3317 1567 1710
3067 1426 1553
4911 1557 1638
5499 1589 1704
3750 1465 1549
1137 1572 1676
4816 1523 1690
823 1187 1616
6162 1412 1530
6218 1469 1583
2056 1577 1691
643 1367 1659
459 1513 1523
5349 1561 1666
3331 1438 1592
3294 1480 1594
5345 1454 1560
102 1419 1562
4463 1454 1591
1245 1479 1673
4713 1533 1568
4228 1537 1541
4616 1578 1708
1036 1564 1688
4156 1477 1576
5938 1379 1658
3784 1550 1705
4182 1443 1559
2773 1544 1554
6214 1577 1701
2643 1438 1605
5284 1525 1554
2426 1555 1631
3180 1456 1599
1676 1588 1698
5989 1522 1528
1647 1522 1546
1238 1582 1679
5749 1483 1525
2665 1429 1597
2688 1359 1659
5872 1450 1669
517 1554 1716
2733 1527 1563
1412 1407 1530
1935 1546 1622
3030 1560 1670
1134 1397 1649
939 1582 1660
4039 1581 1771
1538 1358 1649
416 1410 1580
6 1420 1544
4532 1446 1561
2531 1420 1547
1163 1588 1684
5038 1570 1650
1597 1557 1639
1458 1575 1680
3943 1035 1733
5481 1565 1709
2379 1575 1654
1176 1568 1659
1543 1358 1663
1630 1554 1634
1733 1426 1584
4351 1556 1630
3444 1556 1662
5363 1451 1592
2903 1179 1601
3408 1405 1534
4084 1401 1635
1941 1552 1672
766 1481 1679
4692 1560 1714
5272 1536 1557
4880 1509 1691
961 1520 1688
4743 1559 1704
4003 1538 1586
816 1379 1656
4174 1413 1690
5283 1547 1732
1747 1412 1635
5028 1560 1695
5973 1159 1713
4495 1444 1588
3117 1584 1663
4145 1427 1683
839 1488 1685
1149 1570 1657
760 1574 1721
6132 1466 1601
3258 1478 1572
4047 1498 1687
2342 1466 1575
3021 1190 1615
5543 1500 1518
1800 1380 1649
892 1564 1730
2800 1485 1566
3543 1488 1522
1665 1560 1660
3912 1521 1540
3232 1555 1696
3497 1507 1530
2100 1545 1613
6078 1081 1611
109 1395 1676
234 1483 1592
69 1455 1584
4030 1374 1645
3579 1379 1673
2097 1408 1563
1468 1481 1673
2129 1471 1589
2945 1580 1711
3162 1542 1557
88 1450 1675
3178 1425 1684
4642 1518 1539
1783 1432 1572
2634 1446 1599
3671 1577 1717
5222 1460 1584
613 1543 1550
589 1564 1701
5051 1524 1530
6099 1416 1522
5781 1441 1590
5557 1554 1636
1684 1586 1686
2996 1376 1660
2238 1390 1679
3969 1441 1663
3367 1422 1667
5067 1581 1683
2609 1427 1572
6039 1534 1581
5155 1547 1610
5886 1402 1544
676 1430 1633
2615 1131 1610
1221 1442 1670
6075 1551 1655
2227 1481 1685
3362 1569 1695
1415 1440 1612
3900 1450 1583
4758 1421 1624
723 1467 1561
2007 1541 1572
5208 1540 1680
3996 1461 1602
4476 1021 1645
1184 1576 1667
3333 1577 1773
5720 1391 1644
210 1550 1666
1910 1555 1655
4865 1460 1668
1248 1433 1579
1958 1351 1663
5245 1432 1563
3240 1507 1688
885 1565 1716
6104 1449 1568
4388 1552 1726
103 1494 1611
2222 1479 1587
663 1515 1536
2573 1465 1589
5668 1558 1707
4810 1431 1613
5599 1444 1595
4770 1466 1543
5798 1564 1706
4558 1566 1715
5081 1538 1565
1074 1425 1619
5961 1573 1774
4950 1561 1699
5195 1447 1545
4304 1579 1657
2994 1562 1722
5815 1441 1542
4417 1541 1594
2451 1416 1683
253 1437 1611
3081 1391 1672
4345 1441 1573
6249 1484 1529
3865 1365 1653
5362 1563 1716
6079 1417 1527
4884 1402 1532
461 1135 1586
1628 1433 1587
3663 1423 1555
3837 1422 1577
2518 1404 1568
4916 1504 1523
6070 1476 1525
648 1460 1603
5978 1006 1629
4914 1572 1682
3992 1414 1679
2940 1589 1769
707 1466 1552
3849 1429 1604
3706 1486 1679
403 1426 1594
3521 1539 1576
1841 1574 1666
3770 1553 1707
1906 1570 1688
6135 1487 1557
3534 1511 1534
5159 1121 1595
3442 1481 1585
2982 1438 1607
276 1542 1569
1061 1506 1521
5091 1556 1685
400 1365 1671
363 1445 1609
582 1562 1656
2142 1473 1542
2553 1538 1571
3351 1447 1662
238 1549 1707
1956 1515 1693
3771 1369 1664
2362 1579 1710
4085 1550 1689
5912 1436 1617
2318 1435 1586
217 1471 1575
5144 1423 1622
4404 1547 1701
4890 1480 1531
919 1551 1724
4997 1396 1540
3736 1524 1545
3394 1450 1605
6256 1482 1674
2901 1560 1648
329 1586 1696
3936 1183 1607
5675 1441 1577
848 1552 1731
3530 1579 1687
6178 1574 1659
4072 1554 1640
2654 1461 1560
3916 1455 1578
2525 1434 1547
2301 1554 1644
2646 1549 1627
3982 1522 1693
2355 1421 1671
3159 1476 1569
5834 1557 1732
5044 1489 1527
273 1571 1708
1663 1431 1566
4428 1544 1563
1717 1433 1619
6238 1543 1565
4272 1058 1628
535 1434 1621
1280 1530 1572
4528 1451 1580
5532 1456 1590
1724 1509 1524
2004 1543 1576
1646 1432 1569
3242 1557 1643
1305 1544 1601
462 1427 1676
3248 1549 1722
3376 1414 1552
3348 1432 1581
28 1481 1527
4764 1565 1674
3565 1408 1525
2446 1169 1601
3020 1520 1686
354 1426 1636
230 1426 1551
5029 1358 1657
2160 1454 1557
1571 1579 1660
5775 1478 1599
2705 1539 1597
2527 1467 1540
4579 1484 1582
6167 1492 1612
4451 1012 1698
619 1556 1651
4367 1535 1585
782 1398 1542
3600 1492 1518
5485 1468 1527
1220 1027 1639
1124 1552 1613
465 1537 1608
1302 1581 1777
90 1045 1544
2361 1436 1588
2413 1519 1690
3315 1531 1554
3344 1543 1592
3026 1553 1658
242 1539 1562
419 1482 1590
4465 1437 1556
1703 1531 1577
2984 1573 1673
5006 1502 1520
3629 1408 1538
5379 1423 1626
5597 1432 1549
661 1462 1535
3556 1512 1694
5315 1409 1686
2906 1567 1785
833 1561 1739
2772 1434 1549
1450 1357 1660
3389 1580 1658
1309 1200 1618
4374 1474 1565
1546 1462 1608
6028 1430 1564
2851 1365 1641
1257 1175 1678
988 981 1665
485 1410 1532
5113 1411 1575
2280 1503 1518
2921 1586 1683
160 1421 1536
155 1374 1673
1104 1580 1774
1866 1427 1627
3405 1574 1651
5127 1469 1563
5342 1044 1637
123 1182 1726
5424 1583 1689
5892 1434 1662
1071 1441 1613
3406 1178 1606
4710 1490 1524
4646 1583 1773
5742 1114 1614
1023 1430 1574
539 1578 1652
2835 1448 1553
1849 1556 1675
2164 1362 1643
5220 1439 1548
6181 1547 1722
4168 1584 1775
4293 1421 1531
4989 1580 1666
685 1386 1683
2925 1568 1667
5503 1587 1666
2386 1186 1734
2644 1381 1681
1171 1466 1676
3715 1378 1646
4014 1431 1572
2021 1428 1591
5643 1427 1672
305 1575 1774
2918 1552 1696
2135 1509 1518
5620 1437 1626
5988 1452 1604
2757 1001 1641
250 1432 1544
5945 1591 1766
3100 1469 1551
1525 991 1639
5604 1480 1524
978 1383 1643
4311 1421 1534
6095 1424 1629
2647 1508 1526
3917 1554 1623
3524 1551 1631
3878 1031 1641
6247 1407 1528
4870 1174 1598
1714 1547 1719
1319 1383 1644
3233 1423 1596
3478 1552 1694
3436 1121 1592
1694 1471 1547
5564 1195 1622
5108 1447 1672
2869 1048 1636
3944 1462 1601
4742 1408 1649
5419 1420 1645
4052 1421 1682
3274 1547 1731
1792 1016 1709
4556 1552 1620
410 1583 1776
2963 1406 1532
547 1531 1567
525 1443 1669
5982 1430 1550
2724 1431 1560
4913 1397 1641
5330 1042 1542
3166 1588 1687
1754 1432 1622
5665 1129 1586
284 1428 1583
4659 1398 1639
2302 1425 1676
5361 1547 1736
2966 1413 1583
3193 1161 1602
806 1381 1528
976 1556 1789
1249 1476 1740
5147 1429 1705
4577 1579 1784
99 1401 1560
3622 1412 1587
1625 1547 1797
2144 1574 1740
6034 1601 1771
1477 1398 1696
605 975 1652
3919 1586 1749
5584 1633 1670
1388 1415 1593
598 1326 1670
5338 1604 1704
4281 1611 1667
3425 1289 1524
2392 1139 1572
5745 1624 1663
780 1180 1669
2268 1373 1682
3643 1563 1788
3951 1478 1709
3831 1546 1556
4720 1200 1699
6157 1548 1547
4358 1469 1692
847 1599 1690
4485 1147 1577
3923 1597 1702
879 1596 1736
3409 1589 1685
1725 1595 1784
3458 1601 1696
2407 1423 1606
3702 1574 1744
3554 1586 1651
5711 1309 1562
5800 1344 1657
3229 1396 1556
3630 1045 1737
5446 1349 1666
4133 1412 1519
718 1184 1594
5977 1400 1552
2878 1610 1704
5790 1536 1527
3668 1522 1515
3574 1556 1558
2180 1442 1526
1446 1396 1587
2260 1458 1681
5969 1152 1581
2447 1598 1688
2030 1559 1557
5910 1472 1694
2429 1566 1746
2425 1464 1684
3735 1395 1690
1696 1549 1564
2246 1541 1710
916 1535 1520
5623 1420 1513
5310 1476 1716
609 1353 1641
4898 1490 1719
3380 1601 1700
1737 1487 1718
2370 1562 1615
6100 1374 1547
194 1553 1566
1761 1594 1681
3222 1532 1520
800 1430 1694
2722 1459 1699
1545 1181 1679
1607 1555 1801
1999 1338 1657
3468 1555 1746
2998 1589 1724
2035 1585 1650
1444 1440 1534
2701 1386 1551
672 1464 1695
1453 1599 1654
1073 1533 1711
4329 1593 1718
2465 1598 1712
1955 1557 1623
523 1591 1721
1254 1530 1526
4105 1601 1651
1345 1323 1564
1992 1474 1735
5864 1402 1517
2877 1554 1541
4714 1560 1634
5193 1555 1559
409 1401 1699
2130 1590 1656
1659 1083 1599
1743 1554 1793
842 1304 1579
406 1483 1723
4935 1545 1531
4965 1406 1518
5000 1345 1676
1880 1594 1690
372 1396 1516
382 1298 1563
4420 1565 1755
5296 1574 1760
2958 1073 1603
5269 1427 1707
5550 1010 1704
1044 1592 1746
830 1445 1535
3823 1517 1512
1140 1426 1693
1601 1594 1720
3137 1583 1739
4504 1441 1688
4945 1556 1544
5372 1419 1623
218 1397 1551
220 1583 1648
5094 1551 1561
550 1546 1551
2210 1585 1753
2841 1581 1647
170 1591 1656
247 1605 1700
3434 1588 1640
359 1404 1550
5516 1443 1532
2517 1488 1712
161 1486 1726
1666 1411 1695
1043 1084 1604
4868 1579 1741
6094 1513 1520
515 1197 1600
1809 1398 1553
5904 1415 1620
4885 1589 1648
366 1410 1508
6180 1123 1585
1830 1474 1687
3655 1581 1730
5388 1436 1533
5667 1562 1625
3846 1207 1721
1687 1477 1717
453 1399 1591
5890 1382 1684
1050 1581 1746
2879 1425 1689
5351 1454 1729
5979 1563 1607
4861 1283 1533
2693 1296 1523
1321 1400 1707
902 1311 1560
2352 1321 1556
3411 1394 1514
4078 1486 1724
283 976 1672
4326 1573 1761
1834 1001 1704
1325 1535 1523
1938 1576 1761
5185 976 1676
5853 1597 1684
44 1469 1722
2782 1441 1531
3714 1464 1709
5278 1469 1709
5418 1072 1598
4881 1595 1697
5355 1475 1687
2040 1461 1716
4310 1569 1737
1060 1641 1668
5974 1560 1761
3519 1467 1711
5198 1594 1730
2604 1295 1538
1016 1459 1676
2561 1327 1552
2750 1185 1602
2524 1401 1522
3108 1587 1651
5933 1492 1712
2490 1400 1510
4221 1406 1578
6150 1108 1594
4675 1551 1796
4822 1556 1753
854 1461 1685
637 1589 1727
4765 1462 1708
3391 1169 1709
1223 1569 1762
3121 1408 1717
4584 1398 1555
4002 1456 1727
1805 1518 1516
1872 1399 1575
3147 976 1660
3250 1465 1691
725 1042 1624
2287 1175 1583
4952 1195 1677
163 1166 1679
1755 1555 1759
5237 1186 1600
3675 1572 1743
3747 1470 1680
4966 1472 1723
2189 1552 1754
4623 1401 1586
1350 1558 1757
2788 1409 1710
5616 1401 1588
5728 1527 1521
1675 1473 1708
1310 1398 1584
5916 1405 1710
3658 1438 1532
3106 1399 1701
1311 1584 1733
3989 1492 1713
3927 1280 1525
3772 1604 1717
4325 1004 1721
2067 1632 1671
3353 1297 1567
4760 1549 1739
4685 1523 1521
1145 1166 1693
1723 1189 1693
512 1450 1532
4015 1016 1731
2959 1390 1544
722 1463 1712
2145 1582 1757
3073 1460 1731
3855 1430 1539
4040 1389 1546
6191 1537 1718
1496 1415 1515
1735 1415 1510
2587 1534 1712
5571 1284 1525
425 1601 1717
2611 1594 1650
3522 1598 1713
3611 1489 1715
1015 1434 1537
1480 1124 1578
5235 1400 1555
2669 1493 1719
4034 1142 1576
1278 1132 1575
2032 1590 1652
1695 1592 1650
3768 1376 1551
910 1405 1547
1109 1546 1690
6212 1309 1559
2321 1566 1800
3575 1062 1757
5947 1306 1565
1847 1497 1720
2664 1573 1796
603 1472 1741
5122 1310 1550
2951 1603 1710
1472 1393 1548
5548 1535 1521
4894 1023 1637
6172 1145 1579
498 1456 1708
4079 1483 1730
4422 1591 1732
2955 1303 1578
794 1467 1691
1732 1036 1626
3226 1089 1606
1616 1171 1590
3005 1637 1668
5110 1146 1581
1374 1102 1593
726 1451 1526
3939 1383 1698
5483 1301 1574
3283 1109 1583
1147 1517 1516
2391 1090 1594
5522 1627 1699
3029 1456 1513
1832 1361 1521
4473 1609 1712
5855 1629 1694
601 1352 1568
3247 1367 1511
2887 1108 1555
3045 1614 1726
4969 1361 1631
2752 1640 1694
805 1304 1518
1669 1575 1805
2452 1617 1726
4725 1382 1731
1034 1063 1590
173 1324 1616
3987 1651 1679
1790 1527 1729
751 1311 1659
1348 1368 1564
764 1039 1606
3200 1364 1637
657 1280 1594
1893 1539 1733
1969 1613 1728
2618 1299 1520
53 1304 1523
1681 1140 1568
1092 1295 1513
4644 1262 1548
1466 1638 1679
3704 1405 1752
1255 1658 1657
4757 1437 1516
6160 1626 1687
1858 1337 1598
4077 1389 1716
4586 1543 1520
2844 1319 1623
3654 1641 1652
5306 994 1734
2501 1609 1737
2857 1342 1604
6085 1393 1493
2449 1308 1632
2503 1339 1565
4661 1064 1564
3014 1447 1710
3532 1521 1505
5478 1280 1551
4258 1648 1657
4878 1359 1623
4658 1599 1635
202 1518 1506
2358 1332 1602
3560 1454 1514
5820 1646 1682
1909 1625 1696
6025 1614 1640
2396 1602 1640
5976 1421 1725
5063 1420 1725
1870 1406 1493
3812 1184 1666
1618 1082 1592
4860 1377 1763
4738 1372 1506
3036 1625 1704
1103 1031 1619
1180 1620 1643
4339 1377 1496
4024 1618 1711
477 983 1614
2200 1064 1561
1577 1628 1681
1779 1433 1720
3153 1392 1772
2339 1371 1510
4350 1289 1673
3548 1537 1726
3059 1619 1715
3493 1223 1624
3355 1448 1517
3271 1558 1805
484 1157 1570
895 1361 1634
3893 1315 1620
5710 969 1650
375 1000 1610
5301 1273 1566
4074 1334 1582
2704 1500 1722
1225 1362 1763
10 1138 1551
2308 1605 1735
2357 1425 1533
1604 1198 1658
4875 1098 1580
5589 1605 1743
1272 1567 1582
4828 1116 1572
5504 1566 1582
5517 967 1666
1312 1381 1625
4189 1348 1551
2793 1408 1497
1758 1608 1647
5042 1035 1761
5445 1509 1729
2173 1193 1664
5380 1365 1699
5551 1531 1736
4800 1612 1702
625 1029 1611
1985 1516 1508
3913 1159 1563
5252 973 1634
5520 1371 1626
1793 1211 1620
803 1408 1500
5664 1329 1566
785 1397 1734
5050 1599 1737
2264 1527 1727
3994 1362 1557
741 1559 1807
2739 995 1608
2907 1563 1580
3819 1032 1609
5724 1445 1517
1511 1279 1553
5699 1560 1573
6215 1285 1558
941 1412 1500
2952 1418 1730
3975 1450 1511
2979 1326 1627
3203 1280 1502
2637 1384 1736
2975 1413 1735
3058 1614 1701
825 1364 1566
3779 1210 1678
3824 1163 1571
5833 1648 1686
378 1569 1573
3901 1380 1590
3393 1580 1804
4869 1654 1682
6227 1462 1744
2532 1212 1642
6119 1041 1600
1844 1529 1729
6130 1051 1597
4416 994 1606
857 1375 1564
5367 1357 1560
4933 1434 1526
746 1397 1505
542 1341 1611
4009 1303 1669
4108 1640 1677
909 1533 1734
3461 1658 1678
4135 1357 1625
3798 1539 1732
6023 1142 1559
959 1373 1630
2047 1455 1751
2174 1544 1730
5588 1276 1545
1813 1652 1684
4197 1358 1640
2946 1282 1675
5561 1575 1586
532 1414 1494
682 1315 1606
46 1371 1502
4395 1561 1771
1786 1280 1565
3236 1548 1773
5266 1283 1546
2915 1467 1744
2493 1460 1695
5194 1333 1621
1756 1552 1805
5440 1462 1512
5852 1582 1575
5782 1262 1537
2694 1338 1560
3952 1287 1499
5386 966 1667
3896 1557 1771
6235 1385 1501
1452 1368 1759
3541 1357 1551
5727 1424 1732
6161 1355 1556
3133 1605 1642
3515 1459 1745
3906 1103 1553
2853 1393 1509
196 1275 1593
843 1286 1550
592 1642 1681
1975 1410 1495
2995 1531 1725
3208 1376 1498
5236 1642 1682
6021 1621 1695
328 1518 1732
392 1417 1744
5913 1541 1726
2364 1114 1563
5320 1572 1563
5307 1225 1714
42 1557 1775
1188 1421 1499
2277 1321 1609
4698 1362 1516
5729 1329 1638
1901 1337 1625
6209 1386 1503
3869 1185 1582
130 1622 1716
922 1127 1566
874 1614 1695
2398 1598 1632
3495 1627 1649
4270 1268 1527
264 1616 1714
679 1209 1620
457 1340 1613
4534 1405 1496
1299 1620 1689
955 1616 1711
78 1064 1593
5935 1390 1504
5758 1058 1596
1838 1273 1546
151 1349 1549
6222 1371 1693
6068 1397 1729
6053 1120 1550
1627 1621 1645
1776 972 1671
735 1310 1661
4839 1458 1509
6113 1442 1721
2484 1552 1765
1181 1452 1700
3191 1581 1576
4993 1050 1607
527 1460 1507
279 1262 1542
6116 1277 1548
3185 1313 1689
2157 1048 1594
5691 1368 1635
1971 1272 1593
6020 1395 1722
5540 1551 1808
5313 1450 1716
5437 1578 1591
6019 1610 1643
2118 1395 1499
2872 1548 1812
2512 1342 1552
6186 1385 1495
2378 1347 1562
1759 1625 1707
2236 1321 1691
429 1394 1602
3230 1048 1615
4727 1374 1707
6062 1588 1639
5964 1525 1735
3525 1338 1563
1900 1369 1732
3396 1208 1629
5876 1569 1806
6017 1347 1633
1355 1396 1509
6022 1616 1693
2170 1554 1779
5100 1277 1569
1201 1542 1802
5506 1402 1492
4348 1389 1513
778 1389 1595
135 1268 1532
1368 1304 1674
4062 1368 1750
67 1609 1639
1974 1600 1644
4520 1633 1700
1656 1412 1497
3311 1211 1607
5201 1278 1597
43 1548 1805
2455 1434 1717
2162 1599 1636
165 1627 1704
136 1271 1537
2815 989 1695
1633 1552 1761
2012 1208 1647
2346 1374 1714
4148 1338 1601
5764 1350 1616
2640 1265 1547
5129 1413 1502
3872 1020 1614
5851 1362 1534
5915 1574 1588
2627 1295 1608
3749 1649 1687
1183 1280 1501
2314 1015 1590
2454 1096 1558
3028 1340 1618
3379 1428 1726
4019 965 1653
458 1340 1570
1639 1356 1630
668 1400 1501
1406 1401 1496
180 1346 1555
1965 1390 1721
1001 1413 1505
2509 1069 1569
6134 1520 1509
1159 1373 1700
1179 1375 1726
4905 1324 1592
1142 1454 1754
137 1355 1570
4624 1068 1560
3689 1564 1570
4561 1425 1729
3631 1360 1526
4951 1220 1630
1531 1624 1690
2467 1371 1701
265 1408 1746
2973 1050 1602
3623 1339 1613
5314 1280 1555
3157 1331 1600
4385 1621 1713
4649 1282 1560
4137 1410 1728
3657 1267 1515
4840 1404 1736
5662 1601 1637
3741 1615 1708
2648 1187 1583
295 1575 1582
1335 1374 1510
1979 1312 1638
4243 1612 1766
2848 1318 1697
3856 1345 1610
2102 1415 1504
3920 1012 1598
5859 1565 1576
1989 1342 1563
3758 1365 1508
4462 1298 1643
2279 1360 1638
3946 1394 1591
1262 1345 1622
3146 1568 1538
4701 1629 1646
189 1311 1683
852 1105 1563
5080 1456 1739
4049 1392 1728
599 1108 1565
4050 1110 1576
2233 1047 1579
1128 1362 1566
4995 1071 1570
5575 1442 1711
3192 1440 1782
1528 1382 1468
2613 1339 1457
690 1344 1511
3903 1059 1521
4370 1446 1737
5114 1654 1687
2078 1237 1607
669 1383 1796
5217 1356 1490
1048 1433 1752
2014 1371 1487
2456 1506 1510
3592 1549 1825
5030 1412 1482
4450 1584 1548
1367 1580 1814
5204 1441 1743
572 1500 1875
4225 995 1595
4886 1376 1464
11 1365 1470
877 1378 1477
3830 1356 1601
538 1254 1554
3422 1583 1556
819 1361 1500
558 1611 1637
5047 1353 1527
5166 1331 1503
5791 1293 1693
2443 1663 1685
4531 1358 1581
5636 1545 1819
1386 1027 1583
1422 1571 1818
4508 974 1605
812 1622 1769
4338 1569 1817
1924 1591 1570
5826 1521 1735
3801 1354 1492
4690 1543 1760
5903 1381 1483
4671 1341 1458
177 1616 1637
4653 1354 1600
4517 1451 1499
278 1359 1492
3310 1321 1500
4205 1625 1641
3866 1359 1496
4651 1287 1684
6148 1586 1571
2663 1441 1735
2692 1576 1534
2734 1345 1482
3415 964 1667
1738 1583 1812
3875 1316 1492
5705 1599 1628
5216 1251 1571
5172 1656 1697
3660 1407 1765
1583 1415 1769
2949 1408 1491
3624 1410 1793
1481 1349 1482
5753 1437 1796
5120 1032 1594
4159 1331 1722
6087 1202 1573
80 982 1589
3940 1544 1762
1588 1357 1467
2039 1322 1479
3634 1404 1477
4673 1248 1554
5335 1352 1479
6058 1631 1707
1868 1244 1545
3636 1355 1528
454 1147 1533
5117 1585 1805
294 1496 1509
4444 1336 1478
1075 1671 1675
1771 1487 1882
2163 1578 1535
471 1395 1471
721 1343 1514
1902 1571 1530
1923 1335 1456
4551 1523 1501
112 1438 1784
431 1520 1736
4223 1333 1490
2231 1507 1514
543 1427 1779
2005 1255 1681
2974 1427 1765
3472 1380 1486
1213 1505 1515
2674 1505 1875
6074 1311 1656
1160 1432 1773
3079 1240 1611
734 1041 1595
124 1350 1476
2741 957 1642
405 1338 1486
501 1028 1589
164 1624 1724
5956 1209 1662
3701 1341 1471
5702 1433 1788
1770 1231 1620
3141 1372 1471
5010 1671 1650
900 1587 1587
1085 1592 1573
712 1339 1460
647 1375 1477
1121 1482 1873
1933 1351 1519
5809 1218 1653
6153 1534 1753
3983 1357 1578
3148 1502 1858
783 1343 1463
393 1357 1609
4036 1579 1586
4906 1510 1859
5031 1218 1671
1486 1605 1621
3125 1368 1459
4033 1361 1609
3188 1529 1744
1199 1361 1619
4445 1353 1517
5965 1376 1489
6124 1357 1607
2247 1200 1567
2774 1013 1567
4948 1471 1752
1964 1310 1654
1347 1507 1741
21 1343 1758
1317 1638 1638
1620 1347 1545
1544 1250 1546
3659 1241 1638
5808 1584 1594
4254 1578 1565
1168 1351 1487
6243 1440 1770
6031 1368 1588
1442 983 1590
4461 1474 1746
221 1646 1703
1591 1632 1716
347 1404 1481
5241 1391 1479
2723 1547 1824
5493 1626 1713
2629 1629 1721
1267 1376 1470
1436 1655 1701
6056 1046 1500
5684 1630 1639
658 1503 1876
2155 1354 1512
536 1132 1545
4796 1258 1559
5046 1261 1621
3209 1349 1506
5279 1385 1476
520 1349 1590
1441 1444 1758
4779 1516 1501
1658 1364 1587
4680 1353 1725
4848 1399 1486
5661 1300 1652
581 1633 1713
2259 1413 1752
5759 1625 1768
1187 1512 1874
4941 1246 1555
954 1621 1640
705 1342 1585
5624 1211 1601
1685 1209 1670
1982 1401 1490
4365 1365 1464
636 1270 1616
3687 1514 1857
4988 1381 1481
5757 1332 1510
2207 1368 1579
4774 1583 1594
113 960 1668
856 1368 1494
1760 1553 1826
1981 1496 1863
2112 1558 1826
5972 1356 1499
3272 1613 1632
6177 1132 1529
1707 1450 1744
594 1577 1557
983 1370 1456
1673 1238 1623
5409 1361 1508
3307 1372 1602
1584 1515 1514
2237 1302 1654
3292 1508 1868
6207 1366 1504
696 1313 1486
831 1594 1574
1641 1669 1667
5884 1276 1683
300 1315 1706
4409 1362 1470
1413 1358 1519
5902 1326 1493
1330 1027 1515
3325 1410 1485
4775 1349 1585
1557 1669 1664
2226 1575 1558
5739 1552 1825
1848 1131 1533
2179 1610 1631
4829 1388 1466
2999 1255 1551
5567 1306 1480
607 1578 1562
5143 1475 1746
5921 1335 1542
4872 1358 1621
901 984 1586
2866 1361 1494
4393 1609 1622
4048 1023 1588
5713 1380 1609
1371 1248 1558
1552 1469 1502
5658 1406 1788
2897 1215 1650
481 1208 1568
4678 1338 1506
3746 1583 1580
2123 1383 1609
4474 1332 1458
5534 1317 1489
4902 1560 1824
2111 1531 1823
3009 1375 1457
4787 1576 1573
689 1264 1607
675 958 1645
360 1080 1537
3152 1338 1531
688 1466 1756
2105 1264 1591
3494 1450 1497
2779 1657 1698
4542 1457 1495
5541 1041 1584
2010 1578 1539
420 1225 1686
1881 1624 1637
1069 1260 1549
1306 1381 1616
4877 1381 1614
3880 1652 1688
4763 1519 1502
5365 1353 1535
6192 1492 1879
1593 1312 1474
114 1599 1621
1928 1425 1760
4569 1667 1647
1887 1422 1763
5491 1378 1611
2146 1339 1477
5336 1230 1612
576 1344 1514
1467 1113 1544
2430 1655 1690
3883 1260 1562
2856 1577 1815
5137 1301 1485
3343 1349 1500
1494 1343 1493
3731 1268 1622
4754 1369 1492
6027 1368 1612
1908 1347 1583
2601 1396 1483
3328 1672 1668
480 1248 1633
1877 1082 1532
3204 1443 1787
2185 1588 1577
301 1376 1480
3851 1582 1595
2058 1006 1589
1136 1116 1541
5391 1505 1852
5488 1273 1618
4006 1389 1480
4472 1335 1481
4381 1604 1627
27 1415 1488
2964 1357 1540
290 1356 1526
1276 1619 1635
933 1281 1611
2985 1366 1601
440 1438 1757
2805 962 1671
3374 1091 1532
1079 1327 1489
45 1582 1543
4850 1591 1568
2777 1444 1783
4407 1658 1696
3606 1332 1539
4926 1355 1511
64 1623 1629
4488 1581 1603
17 1268 1612
5841 1328 1486
4279 1388 1484
1353 1589 1585
6060 1354 1574
1484 1355 1595
1423 1502 1854
2526 1665 1646
1778 1625 1773
5125 1259 1595
2166 1413 1487
6051 1211 1598
1968 1355 1499
1939 1578 1597
6221 1284 1486
3934 1282 1616
3744 1670 1665
1298 1373 1607
5519 1537 1827
5016 1537 1828
528 1269 1626
4823 1346 1460
6127 1361 1782
3677 1336 1465
2858 1449 1734
1806 1575 1545
2137 1359 1517
1750 1395 1486
2687 1287 1490
132 1549 1823
580 1357 1522
5328 1334 1478
5036 966 1676
5521 1329 1456
1372 1043 1582
2245 1351 1530
3888 1435 1756
2323 1541 1759
4094 1340 1493
2630 1219 1606
3112 1332 1473
893 1499 1512
228 1351 1608
5839 1673 1664
4007 1669 1647
2353 1586 1565
3464 1533 1827
5268 1627 1633
1204 967 1678
1549 1163 1562
3802 1338 1480
2679 992 1582
1090 1595 1569
2438 1366 1599
1664 1257 1553
757 1583 1599
3370 1128 1531
1623 1514 1874
2190 1345 1503
5617 1414 1762
5258 1670 1680
1086 1009 1735
1207 1380 1462
1186 1603 1621
236 1582 1555
5219 1582 1589
3435 1076 1533
226 997 1579
1820 1347 1541
3437 1280 1687
4425 1368 1610
2292 1638 1636
1185 989 1584
2700 1336 1499
5263 1329 1467
4452 1036 1576
2567 1498 1874
5212 1168 1563
4166 1076 1528
5273 1347 1622
3864 1335 1491
4990 1627 1769
5458 1419 1751
2019 1288 1625
5750 1372 1457
5395 1360 1574
2513 1277 1623
1448 1338 1541
1655 1628 1766
2433 1022 1516
3540 1621 1777
5145 1332 1476
2965 1573 1817
2258 1274 1614
2085 1352 1592
3262 1411 1492
4497 963 1634
3662 1230 1604
2871 1068 1528
3804 1336 1513
4547 1268 1683
4618 1503 1871
4114 1329 1488
2507 1426 1749
862 1340 1479
3196 1247 1607
287 1327 1506
3777 1038 1588
4207 1345 1490
5141 1336 1529
5378 1545 1758
446 1416 1785
3268 1378 1577
3275 1111 1538
5390 1611 1627
2529 1378 1575
656 1328 1508
6183 1510 1515
925 1584 1542
2193 1014 1574
4236 1431 1764
3401 1352 1617
801 971 1609
769 1584 1582
4944 1333 1533
3190 1338 1537
2249 1610 1627
1937 1010 1573
4314 1365 1605
5329 1440 1746
5736 1355 1486
169 1419 1750
1430 1370 1598
1967 1427 1774
1859 1589 1574
4919 1036 1508
3335 978 1714
5018 1363 1793
1562 983 1720
4107 1286 1492
2404 1324 1711
1214 1017 1605
259 1530 1752
704 1334 1464
6035 1263 1562
642 1351 1498
1261 1588 1583
3252 1543 1749
5614 1579 1806
2770 1006 1582
585 1313 1494
1566 1358 1765
3550 1431 1788
3019 1383 1478
3567 1272 1615
3365 1453 1766
4342 1623 1637
5040 1285 1699
1447 1650 1690
1471 1616 1635
6201 1343 1454
575 1260 1679
5501 978 1699
880 1462 1495
5466 1553 1782
4248 1310 1483
1028 1413 1776
2542 1422 1484
4750 1563 1506
5021 1468 1493
5831 1468 1771
5894 1670 1698
3025 1462 1807
251 1610 1615
327 1448 1805
3003 1399 1456
302 1411 1807
1322 1451 1488
4211 1472 1818
970 1470 1830
4210 1287 1637
3065 1462 1823
5087 1174 1556
3199 1647 1626
1192 1463 1869
3475 1678 1673
5527 956 1660
5985 1461 1889
2015 1480 1810
3339 1521 1844
2820 1591 1587
4557 1104 1528
4691 1437 1813
4825 1447 1809
894 1667 1638
1897 1422 1488
5472 1010 1556
4143 1536 1847
1533 1207 1579
3774 1630 1627
4686 1628 1626
2588 1442 1855
2133 1258 1700
2241 1434 1886
1046 1589 1612
1631 1562 1495
4423 1566 1824
4741 1216 1561
903 1237 1579
2206 1463 1488
3618 1536 1834
5227 1141 1527
5678 1395 1454
2048 1483 1759
691 992 1565
756 1587 1604
4274 1587 1811
5319 1584 1813
4545 1423 1487
463 1488 1493
2633 1607 1614
2698 1381 1832
6109 1615 1612
156 1592 1537
686 1594 1550
5463 1589 1561
2934 1267 1630
4070 1511 1840
4970 1553 1493
3547 1456 1874
5352 974 1590
775 1239 1668
6001 1620 1759
5535 1279 1661
4681 1449 1820
1293 1522 1764
2852 1419 1841
6185 1275 1635
1742 1248 1585
513 1598 1555
3793 1437 1863
3850 1628 1773
1892 1560 1495
4815 1631 1769
3810 1154 1536
5515 970 1711
3692 1072 1509
3382 1675 1675
466 1195 1564
2140 1598 1570
2343 1148 1531
552 1434 1845
3068 1607 1563
963 1239 1581
1308 1453 1826
673 1572 1511
5789 1465 1492
887 1491 1850
3107 1680 1647
5170 1498 1798
5586 1652 1629
1042 1259 1695
5088 1529 1839
1839 1102 1534
2457 1242 1561
678 1670 1689
4170 1252 1633
1998 1646 1625
1617 1557 1501
4454 1526 1754
5638 1674 1653
1270 1439 1811
2600 1092 1530
209 1476 1871
5457 1600 1586
2491 1389 1459
804 972 1589
4115 1586 1529
323 1657 1635
934 1137 1526
2789 1404 1856
4332 1605 1561
344 1531 1490
2625 1576 1820
4524 1479 1761
4280 1595 1599
4398 1591 1560
4360 1014 1514
5287 1436 1870
5743 1035 1498
1598 1426 1900
947 1457 1823
2675 1591 1813
561 1537 1837
1622 1456 1489
2581 1679 1687
2257 1657 1629
5417 1231 1593
4227 1559 1500
5304 1421 1875
739 989 1541
1581 1108 1527
4942 1465 1876
1862 1605 1581
4035 1536 1832
4111 1522 1757
4972 1458 1890
2548 1454 1780
4110 1007 1560
5119 1684 1675
2659 1389 1455
881 1531 1841
5132 1220 1589
3513 1549 1493
2833 1460 1790
4943 1175 1554
537 1482 1849
4847 982 1568
5936 1391 1462
5462 1509 1798
6084 1673 1692
4028 1669 1642
1265 1580 1822
6146 1421 1829
245 1545 1787
4477 1636 1625
1475 1036 1501
435 1402 1829
4327 1648 1629
5066 1537 1772
1635 1465 1879
574 1430 1891
5436 1278 1715
5529 1476 1757
3491 1475 1827
4237 1618 1614
5792 1491 1839
2768 1612 1610
6066 1677 1689
792 1474 1856
2461 1469 1879
1751 1449 1888
4991 1552 1842
5650 1679 1684
2786 1446 1852
2221 1584 1818
396 1500 1807
2667 1494 1806
4418 1681 1671
357 1607 1577
4522 1603 1565
3122 1665 1701
4271 1396 1812
5952 1531 1492
2902 1516 1800
4008 1267 1634
1491 1576 1512
2305 950 1628
4538 1534 1849
5878 958 1604
3843 1535 1841
4317 1684 1648
4164 1116 1530
1173 1583 1821
4167 1674 1677
4783 1659 1635
3976 1602 1593
455 1540 1773
1814 1625 1752
3479 951 1645
4728 1543 1798
258 1534 1803
1523 1683 1663
623 1679 1692
3673 1669 1634
4981 1463 1838
4224 1269 1723
48 1451 1797
4833 1431 1487
610 1427 1481
187 1139 1520
3619 1629 1768
1886 1285 1658
3330 1452 1868
5430 1420 1893
26 1472 1802
4887 1613 1620
5531 1279 1697
1100 1569 1826
1211 1405 1463
2017 1507 1823
32 1588 1556
2092 1463 1785
5618 1436 1838
3241 1480 1491
761 1460 1846
353 1616 1758
3400 1488 1847
4937 1601 1571
1550 1026 1500
4242 1593 1590
5824 1605 1560
6237 1443 1858
4179 1433 1490
1323 1590 1596
1068 1475 1868
1414 1590 1591
1392 1480 1833
2116 1384 1802
5598 1573 1506
3104 1462 1875
5981 1440 1834
116 1156 1533
3076 1601 1590
1558 1408 1465
4175 1210 1576
5124 1585 1600
142 1280 1635
2084 1523 1831
914 1416 1849
4411 1161 1545
5641 1570 1825
4324 1597 1566
413 1521 1765
713 1417 1850
6107 1583 1819
5533 1587 1539
3221 1685 1671
2562 1468 1835
5371 1468 1859
1996 1515 1827
3625 1594 1549
30 1528 1772
1718 1646 1631
953 1029 1567
4436 1681 1657
6002 1624 1624
1277 1348 1778
4446 1609 1620
3782 1517 1832
2895 999 1554
1194 1423 1496
3918 1427 1799
1369 1672 1651
3788 1498 1816
2896 1658 1632
6013 1468 1851
3642 1545 1784
4509 1421 1821
666 1425 1483
1138 1459 1836
1624 1404 1844
3231 1276 1670
4987 1682 1650
1424 1180 1553
4809 1424 1842
6005 1516 1827
1433 1577 1826
1517 1432 1842
5318 1586 1535
5323 968 1585
2931 1552 1838
3320 1429 1491
4263 1684 1680
834 1591 1811
982 1589 1607
5441 1470 1488
905 1546 1789
2550 1446 1835
5384 1571 1824
1219 1600 1560
4622 1042 1497
398 1531 1489
5652 1680 1666
1387 948 1623
1292 1594 1546
4598 1541 1834
793 1671 1647
3061 1447 1486
5271 1325 1773
4735 1451 1789
5311 1516 1832
2538 1494 1500
4897 1188 1559
3984 1668 1635
3617 1429 1878
4269 1515 1837
5396 1625 1616
2031 1440 1813
4082 1021 1511
1894 973 1592
3968 1243 1556
318 1596 1562
198 965 1690
2961 1479 1825
5630 1414 1473
5165 1469 1865
6170 1406 1813
3372 1251 1662
4424 1440 1492
2141 1595 1608
3132 1604 1584
758 988 1543
1536 1588 1530
3826 1535 1492
3037 1461 1780
4980 1615 1618
3177 1589 1606
3762 1433 1487
5731 1237 1586
1619 1677 1652
4603 1673 1698
417 1528 1850
3237 1681 1662
534 1540 1771
5648 1451 1487
223 1533 1764
1281 1496 1813
3697 1473 1490
4708 1585 1608
117 1528 1771
937 1596 1597
4973 1601 1596
2970 1493 1504
5069 1459 1843
2725 1454 1493
4218 1585 1604
5182 1282 1646
5412 1422 1494
5659 1156 1527
687 1485 1815
2038 1598 1547
1139 1679 1660
3590 1224 1579
4088 1289 1712
2617 1438 1883
4689 1601 1575
4044 1665 1640
4233 1061 1512
2091 1538 1492
4296 1252 1712
747 1491 1502
3352 1680 1689
790 1327 1472
2753 1448 1816
5997 1414 1470
3047 1317 1743
2498 1489 1850
66 1666 1635
3563 1431 1852
981 1603 1590
3683 1494 1818
5096 1533 1769
3791 1468 1761
1553 1410 1880
6117 1454 1842
6206 1245 1581
3852 1474 1755
4806 1457 1778
4903 1467 1766
434 1411 1810
929 1468 1762
3350 1620 1621
3063 1005 1528
3077 1424 1869
2584 1328 1461
3733 1409 1836
229 1479 1861
2496 1491 1497
385 962 1590
4744 1440 1494
5032 1442 1830
248 1408 1888
2535 1498 1888
4567 1412 1808
4864 978 1569
2719 1523 1765
6121 1457 1854
4724 1290 1671
3486 1635 1622
3364 1492 1810
5785 1277 1661
2519 1452 1485
2471 1581 1525
4315 1598 1583
4458 1222 1567
1303 1675 1642
3570 1420 1482
5835 1163 1540
2894 1281 1656
5697 1682 1659
2607 1519 1848
1749 1465 1779
2929 1254 1692
5061 1420 1478
5732 1459 1867
2415 1675 1669
1174 1493 1849
52 1428 1910
4217 1288 1735
5075 1463 1848
2717 1472 1871
2304 1529 1489
5123 1445 1868
4443 1479 1818
5560 1234 1570
4984 1389 1463
4363 1463 1864
3454 1277 1698
3111 1588 1814
5920 995 1574
809 1669 1702
635 1664 1704
3092 1614 1765
97 1380 1810
3720 1433 1492
3739 1468 1863
3545 1684 1665
4335 1602 1556
4244 1309 1763
677 1258 1670
4654 1681 1672
5340 1435 1806
5490 1578 1518
275 1634 1628
4161 1599 1600
1734 1595 1545
18 1505 1831
2033 1510 1801
1972 1667 1634
4778 1688 1655
3586 986 1568
4138 1127 1526
2767 1475 1815
4753 1616 1764
201 1240 1589
2967 1431 1908
3359 1463 1831
2968 1557 1494
6163 1056 1508
4946 1465 1845
569 1684 1655
1459 1472 1767
1773 1484 1804
5832 1429 1887
2653 1269 1633
2288 1114 1530
3216 1584 1537
4212 1191 1559
2178 1002 1525
4893 1555 1498
3889 1238 1526
2685 1639 1630
814 1400 1806
335 1234 1561
5700 1023 1506
2650 1311 1731
4736 1442 1836
3664 1567 1832
3814 1026 1579
468 1442 1490
1327 1443 1876
965 1440 1825
3759 1087 1519
5116 1674 1689
4180 1510 1832
3280 1590 1533
1333 1642 1624
2203 1315 1746
1037 1654 1635
162 1534 1496
3726 1675 1694
3498 1261 1637
5385 1599 1568
4959 1600 1562
1361 1474 1852
3753 1280 1641
77 1604 1556
1603 1237 1572
2818 1478 1818
1720 1643 1626
2709 1591 1598
3103 1591 1592
1729 1450 1830
2541 1443 1817
2551 1295 1731
2769 1051 1500
5479 1637 1617
553 1686 1645
2661 1408 1460
4663 1650 1624
1610 1480 1779
3961 1235 1526
4637 1571 1844
79 1006 1509
6061 1690 1670
232 1460 1484
3197 1628 1595
1824 1682 1698
5777 1616 1604
6211 1697 1676
3536 1676 1634
1054 1568 1494
96 1341 1448
3484 1628 1597
5276 1525 1483
6067 1229 1535
3455 1565 1487
2559 1698 1683
4550 1596 1538
5949 1611 1605
4134 1418 1462
3817 1585 1515
1926 1359 1440
5317 1621 1576
1567 1483 1482
6106 1619 1563
2622 1612 1577
4220 1029 1498
602 1516 1776
6091 1450 1481
4376 1673 1706
5818 1492 1494
5448 1453 1477
5752 1612 1604
4619 1530 1860
4795 1449 1474
6154 1219 1549
490 1466 1787
1135 1620 1604
4253 1231 1542
3539 1414 1467
4467 1575 1489
4900 1671 1628
5862 1691 1652
4373 1303 1476
2935 1634 1602
4292 1693 1652
4303 927 1607
1341 994 1525
3313 1657 1619
312 983 1562
1119 1463 1478
521 1673 1624
3417 1544 1795
3441 1581 1514
4664 1547 1860
2427 975 1543
482 1473 1895
4638 1551 1846
4203 1669 1623
4290 1155 1518
1863 939 1641
3489 1089 1509
1535 1497 1486
5444 1627 1608
5498 1338 1445
4146 1354 1441
5797 1602 1536
1169 1681 1641
1827 1481 1777
3338 1587 1521
1284 1668 1630
3510 1542 1869
3792 973 1539
2754 1451 1901
2494 1284 1477
1774 1568 1835
4247 1641 1617
2303 1632 1610
6114 1430 1472
5858 1331 1453
2156 1358 1451
2864 1691 1660
1314 1405 1459
2474 1371 1810
412 1550 1485
5316 1686 1660
2317 1590 1530
1315 1694 1669
2997 1472 1786
4026 1370 1445
1726 1551 1489
4061 1528 1488
3986 1575 1485
2842 1300 1472
3006 1467 1789
2216 1667 1709
3163 1604 1609
5475 1646 1735
5673 1617 1559
3466 1377 1449
1609 1494 1764
4289 1516 1481
56 1472 1779
6175 1599 1813
118 1518 1788
1746 1619 1793
2875 931 1634
3653 1400 1896
5967 1546 1856
1959 1379 1865
3443 1558 1851
2620 1594 1528
3088 1636 1604
2606 1645 1740
4699 1601 1544
3685 1400 1892
4390 1682 1701
4998 1590 1522
3450 1610 1591
4093 1587 1517
2395 1608 1551
3959 1611 1590
2094 1223 1539
2087 1661 1621
3821 1207 1550
1819 1602 1601
1889 1596 1533
2790 1290 1479
1488 1502 1493
2765 1650 1618
5545 1625 1601
3260 1660 1629
4876 936 1607
908 1601 1549
1021 1371 1449
1495 936 1580
3964 1366 1815
5740 1346 1443
4938 1686 1700
962 1678 1639
3332 1683 1703
5901 1153 1514
4901 1062 1500
341 1644 1612
3707 1651 1616
6241 1217 1552
3448 1599 1604
3756 1069 1507
611 968 1544
5613 1662 1630
798 1675 1639
3958 1626 1596
4455 1684 1631
3169 1679 1632
2504 1619 1581
2462 1412 1458
1940 1568 1490
931 1458 1481
1919 1666 1621
5596 1625 1785
1572 1458 1907
5568 1364 1446
1083 929 1618
3207 1558 1487
3881 1655 1624
6199 1667 1714
5592 1184 1540
6142 1464 1793
5261 1690 1642
5489 963 1561
5737 1611 1554
3459 977 1565
6037 1285 1760
818 1545 1485
1515 1484 1764
1078 1687 1637
2791 1652 1625
4487 1536 1485
7 1657 1626
380 1278 1479
1164 1596 1525
1084 1603 1603
3183 1468 1791
3218 1154 1520
5626 1688 1691
2797 1611 1583
6026 1407 1450
4173 1556 1483
2161 1379 1867
5810 1618 1562
2932 1658 1617
1871 1152 1516
70 1604 1534
3083 1660 1622
1556 935 1623
1661 1023 1501
4595 1688 1698
2437 1486 1777
6115 1635 1746
5068 1567 1496
870 1613 1561
618 1354 1450
2243 1684 1701
5327 1538 1484
6205 997 1735
1640 963 1712
3925 1397 1452
529 1616 1579
5078 1581 1517
5246 1424 1916
296 1610 1807
4590 1345 1450
5058 980 1543
4594 1591 1532
3926 1398 1448
1512 1671 1634
4492 1599 1613
777 1615 1580
1157 1168 1531
5105 1473 1771
1499 1676 1626
1449 1488 1483
3281 1633 1772
2057 1442 1904
1045 1594 1537
3312 1369 1807
662 1642 1618
1736 1642 1739
4058 923 1599
437 1642 1749
2138 1402 1449
2468 1511 1779
3729 1524 1486
4321 1175 1530
1850 1637 1619
3885 947 1672
2276 1382 1884
3446 1616 1794
311 945 1662
651 1520 1770
1041 960 1576
2658 1543 1483
2944 1494 1759
926 1498 1772
5449 1454 1906
5778 1679 1627
6059 1668 1627
4696 1379 1844
4192 1604 1613
3035 1607 1549
1099 1641 1622
401 1382 1824
2069 1603 1550
5177 1597 1615
1869 950 1683
4732 1444 1471
104 1616 1569
266 1355 1809
1789 1119 1526
3134 1462 1484
3867 1359 1444
1273 1012 1511
1534 1438 1480
5368 977 1554
5780 1625 1604
6007 1361 1448
2025 1477 1771
1856 1033 1493
3282 1549 1486
376 1409 1453
4127 1539 1484
2742 1687 1641
5257 1198 1552
1529 1101 1521
1404 1482 1767
1435 1693 1674
3385 1222 1554
4759 935 1633
1611 1600 1618
742 1529 1485
4645 1385 1849
5139 1305 1475
6038 1004 1510
1058 1296 1477
4668 1401 1452
3577 1476 1766
4940 1109 1520
1197 1500 1773
3776 1646 1611
4498 1676 1703
1905 1694 1641
545 1616 1800
3979 1596 1617
5577 1586 1505
3492 1648 1733
2103 1649 1732
851 1615 1795
5109 1371 1452
6229 1687 1699
3447 1580 1495
6050 1591 1525
6102 1399 1889
1403 1534 1486
1740 1516 1773
2064 1234 1532
4219 1234 1528
1657 1641 1609
5497 1481 1788
3198 1597 1611
2930 1360 1807
5593 1447 1473
1654 1018 1499
5004 981 1549
5523 950 1567
4983 1615 1597
1251 1504 1769
714 1582 1495
6233 1380 1870
6187 1613 1596
728 1607 1601
3136 937 1601
4956 1394 1892
370 1147 1512
5262 1144 1516
2000 1471 1905
2485 1622 1609
3834 1350 1443
3950 977 1559
681 926 1600
2927 1470 1900
68 947 1663
4361 1341 1788
1301 1150 1514
2776 1402 1443
6140 1060 1501
3395 1608 1605
1218 1585 1508
5966 1677 1700
5353 1671 1710
1006 1389 1859
3340 1671 1709
1629 1478 1790
4879 1458 1482
2225 1627 1782
3010 1099 1516
1497 1512 1771
4051 1298 1479
5303 1298 1480
3041 1294 1468
3402 1708 1659
5748 1304 1462
4302 899 1578
1772 1495 1792
1994 1413 1436
4193 947 1684
5334 937 1649
2410 1486 1793
5167 1593 1508
1033 1616 1808
4336 1486 1912
1930 903 1584
5291 1063 1494
1457 937 1660
2695 1482 1476
4536 1271 1459
3080 1708 1666
4496 1255 1485
3295 1317 1460
2088 1704 1666
3017 929 1572
6145 1702 1650
2572 1365 1430
5286 1366 1418
1264 1596 1516
364 1299 1455
4249 1339 1438
1096 1581 1484
4541 1024 1797
5856 1319 1441
1059 1220 1522
2598 1660 1728
3535 920 1579
1831 1612 1497
1400 1361 1435
428 987 1751
1708 1499 1781
31 1375 1424
1645 1079 1498
2515 1367 1868
4626 1615 1491
6242 1311 1454
2854 1641 1765
5205 1592 1482
6169 1354 1428
3140 1393 1904
4191 1376 1428
1644 1476 1475
2266 1398 1903
3039 1327 1441
2575 1342 1438
2913 1242 1497
5344 1673 1713
239 1369 1875
2270 1486 1479
2298 1584 1486
5375 1372 1444
4020 1411 1439
2868 1302 1462
1208 1305 1456
2340 939 1675
5456 1639 1747
5865 1623 1796
386 1364 1420
871 1589 1478
5082 1693 1698
6176 1014 1493
3558 1448 1462
5579 1276 1463
3482 969 1537
4548 1594 1494
6125 1249 1490
915 956 1558
2566 1068 1488
1177 957 1556
6110 1308 1442
5793 1705 1660
2338 1232 1506
1235 901 1584
4122 1336 1433
4924 1586 1483
5528 1102 1513
3467 907 1593
4490 1661 1725
1683 1427 1918
3440 924 1565
3477 1317 1461
1883 1655 1736
5131 1310 1461
1357 1382 1444
4493 1307 1464
1256 1650 1739
3948 1341 1434
5037 1477 1908
313 1471 1475
4343 1703 1648
732 1694 1694
3931 1316 1453
2718 1283 1458
1602 1677 1709
2055 1308 1456
3324 1366 1441
6173 1379 1437
5601 1366 1416
5747 1629 1790
5451 1036 1483
1745 1266 1467
3329 1014 1500
1855 1592 1491
4251 1177 1520
649 1285 1452
5076 922 1626
3287 1373 1420
1190 1706 1673
2273 1392 1439
2943 1712 1676
784 1164 1518
4427 1660 1731
5632 1352 1436
3418 1223 1524
4437 1091 1506
622 1488 1793
984 1054 1494
1274 1387 1445
2641 1452 1922
5073 1274 1473
6101 1383 1428
3612 1628 1786
1660 1470 1478
2265 909 1595
1407 871 1580
2229 1102 1509
1141 1335 1437
2730 1479 1912
6097 1700 1654
1114 1660 1724
41 1358 1432
1269 1089 1500
1690 872 1590
4415 1295 1447
2261 1391 1443
2597 1600 1512
2799 1248 1491
4855 1301 1449
1518 1279 1457
1803 1587 1484
216 1610 1502
4693 1580 1479
3167 1591 1497
5738 954 1542
3228 1489 1778
3234 1595 1520
3752 1433 1458
5435 916 1560
2434 1305 1437
4331 1379 1434
4740 1479 1479
86 1439 1461
3309 1272 1472
100 947 1565
964 1465 1911
3366 919 1576
3354 1168 1515
63 1234 1504
2635 1076 1499
4734 1375 1441
4849 1162 1517
655 1593 1513
171 1590 1483
374 1321 1440
5346 875 1593
2418 1385 1442
4896 1163 1511
6086 1079 1496
4 1619 1807
3416 1695 1696
3004 928 1568
5414 1585 1493
1564 1386 1432
3427 1614 1810
4747 1659 1728
5382 955 1544
2917 1697 1654
4599 1323 1446
1236 1453 1464
4726 1673 1719
5020 1612 1492
2547 1244 1494
5838 1447 1468
445 919 1600
604 1332 1434
5879 1369 1433
1612 1589 1507
1650 1156 1510
1586 1406 1922
997 1313 1436
5026 1382 1431
5008 1586 1479
2555 1624 1799
47 1691 1705
5387 1595 1512
3884 946 1561
4961 1417 1440
5097 1168 1516
4491 1585 1492
5420 1046 1482
2062 1362 1434
1818 1424 1463
4964 1632 1782
2549 1316 1464
4386 1595 1499
1885 1639 1768
1539 1385 1430
5768 1326 1435
222 1317 1440
1421 1334 1442
3973 1663 1727
4344 1285 1471
2885 1310 1437
3154 1273 1462
4635 1373 1438
1857 1682 1705
4731 1364 1439
2563 920 1567
1022 1656 1726
2677 1368 1440
4169 958 1725
4803 1479 1478
5574 1494 1477
5784 945 1691
2073 1120 1517
3870 1304 1452
665 1055 1492
4126 913 1581
4064 950 1536
5615 1361 1426
5766 1444 1470
2475 1322 1442
1916 976 1534
2710 1319 1457
274 1303 1459
4459 1467 1474
1439 871 1579
2348 1601 1514
2131 1314 1438
227 1626 1792
2390 1298 1440
4178 881 1583
750 1059 1490
808 1199 1534
526 1630 1779
1957 1368 1427
6083 1371 1423
4264 1427 1460
6069 1152 1505
4766 1365 1437
3346 876 1590
487 921 1553
1389 1682 1709
2042 1324 1435
5823 1651 1738
12 1492 1788
2682 1226 1529
4362 1168 1512
1606 1616 1494
215 1593 1518
5322 1405 1445
985 1700 1657
3105 1248 1484
5934 1449 1469
1105 1015 1494
3669 1708 1679
5179 1320 1439
3002 1635 1761
1066 1591 1496
5171 1284 1464
3413 1408 1443
138 1459 1472
3595 1317 1435
4096 1193 1533
6014 1374 1446
835 1687 1707
1156 1188 1536
1331 1070 1490
2766 1707 1676
3060 1675 1710
3341 917 1605
3604 1490 1479
3754 1442 1468
5093 1303 1465
5553 933 1560
303 1304 1453
2402 985 1529
2479 1333 1444
3828 1327 1436
3861 1360 1419
2832 1581 1477
4918 1036 1487
5251 1620 1805
289 1253 1487
2880 1590 1498
3123 1442 1461
5465 919 1553
394 1685 1712
1825 1478 1917
2315 1299 1459
4834 975 1548
945 1299 1439
2408 1666 1726
1007 1441 1468
2282 1187 1527
2702 1693 1701
3386 1591 1503
3858 1091 1505
4328 1685 1704
73 1298 1442
470 1329 1434
1451 992 1515
2204 1277 1465
2920 1387 1437
3648 1299 1452
1599 1705 1653
1966 1644 1761
2678 1701 1668
5633 1108 1514
628 1483 1914
1990 1316 1447
4120 1627 1788
5644 931 1542
5937 1163 1515
1727 990 1515
2196 1090 1497
3499 1275 1458
4552 1460 1916
5267 950 1540
5769 1582 1477
897 1272 1468
1878 1003 1507
4262 1358 1430
5836 1468 1469
6003 917 1578
2670 1418 1450
3593 1388 1435
3998 1325 1446
4805 914 1595
5240 1597 1509
5343 1688 1707
5721 1697 1699
1203 1591 1479
2481 983 1521
4190 1715 1658
5232 1442 1928
508 896 1579
566 1623 1809
817 1298 1427
1024 1608 1484
1112 1265 1463
1561 1618 1489
2188 1725 1676
2697 1670 1723
3150 1679 1722
3708 1241 1479
6089 897 1574
83 1705 1704
548 1084 1487
1794 1710 1693
3094 1687 1719
3480 1656 1747
6152 1368 1408
639 1655 1742
912 1159 1505
2672 1712 1645
3825 1363 1399
5376 1349 1415
3859 871 1562
4575 1717 1684
5639 1478 1469
789 1578 1457
3508 1488 1471
3651 1565 1456
5102 1026 1485
5953 1481 1465
2275 1603 1505
3172 1371 1406
3421 1431 1928
4206 1093 1494
4672 1023 1481
5714 1241 1491
5803 1700 1700
1925 1683 1720
4341 1709 1647
4752 1346 1411
5507 1214 1518
5719 1250 1470
1161 1719 1679
1416 1618 1817
1504 1700 1709
1530 1390 1417
2716 1223 1503
3383 1431 1456
4824 1225 1504
4957 1480 1466
4977 1470 1461
5741 1675 1722
6077 1317 1422
1815 1257 1464
2152 1673 1729
2383 1583 1469
2624 1622 1810
2971 1606 1507
5715 1354 1421
5984 1715 1662
108 1454 1927
1426 1381 1423
1934 1716 1652
2098 1447 1455
3808 1365 1401
4136 892 1581
6224 1596 1501
2325 906 1624
3514 1491 1473
5248 891 1615
5370 1238 1496
4066 1597 1497
4712 1361 1408
5494 1601 1475
5873 1255 1473
1455 1600 1481
2217 1715 1690
2614 1379 1407
2827 1361 1398
3803 1193 1515
4802 1284 1438
4874 1113 1510
1753 1398 1436
3423 1720 1665
3938 916 1615
5190 1687 1714
6040 1622 1813
167 1586 1473
1263 1481 1927
2219 1235 1501
3573 1377 1417
3646 1206 1525
4457 1710 1637
2022 1428 1447
2172 1465 1459
2845 1634 1793
6141 886 1571
369 1704 1697
1409 930 1540
3955 1339 1418
4818 1719 1671
1788 1471 1931
2359 1487 1914
3174 1715 1670
5432 1600 1510
450 1347 1430
3942 902 1617
4099 1280 1434
5830 1626 1485
2745 1669 1732
3511 1318 1417
5425 1395 1432
5692 1586 1464
2060 844 1581
2255 1589 1474
2400 1654 1752
3031 1311 1423
3649 1718 1678
3755 1256 1470
5725 1603 1491
4319 1577 1469
6049 1714 1675
472 1240 1492
2651 1597 1504
878 1398 1429
1542 1438 1457
1810 1486 1918
3254 1570 1466
3686 961 1531
349 1330 1409
1829 1098 1491
2403 1141 1509
4563 1626 1803
4612 1472 1467
5829 1290 1443
1118 1276 1441
3027 1331 1407
4553 1360 1410
4962 1574 1463
5962 1626 1495
799 1342 1419
3597 1120 1513
3954 930 1689
1329 1330 1410
4482 1576 1468
395 1335 1420
2239 1384 1415
2495 1708 1645
2830 1695 1704
3342 1379 1423
5585 1457 1457
1401 1591 1468
5455 1625 1808
5887 1322 1418
184 1439 1929
321 1668 1725
1560 1335 1413
1846 930 1557
2263 1177 1511
2440 919 1631
2569 976 1514
2657 936 1547
2683 1343 1433
3737 1135 1513
4260 1658 1742
4604 1583 1459
4634 908 1551
4669 1191 1515
5292 1244 1481
567 908 1606
1202 1045 1478
2589 1462 1930
3580 1056 1480
4241 908 1619
4516 1203 1522
4610 1567 1468
6139 1209 1517
999 1606 1502
1130 1598 1467
2335 980 1512
3202 984 1516
3414 1226 1510
549 1282 1444
1427 919 1628
1621 991 1511
2740 1500 1471
2794 1400 1433
3038 1632 1792
4518 875 1555
5591 1578 1468
271 1370 1404
1358 1473 1464
1454 887 1556
2972 1722 1668
3589 1630 1795
8 1596 1475
29 1711 1639
1463 1223 1509
4837 1713 1650
1570 982 1516
2256 1480 1468
3700 899 1585
5011 1716 1667
272 1714 1666
1551 1343 1412
1638 1665 1737
3667 1364 1410
4075 1367 1401
4299 1490 1472
4674 1350 1413
5115 1654 1749
502 1425 1450
2313 1666 1731
2363 860 1591
4399 1435 1451
4412 1185 1517
1151 1371 1417
1411 1270 1443
2727 1712 1660
3571 1095 1497
4284 1682 1717
4378 1626 1492
5722 1161 1504
616 1287 1438
1961 1173 1508
1962 1484 1466
4729 1601 1485
5348 1324 1430
497 1326 1411
1040 1325 1422
1988 1640 1763
3904 1722 1660
4593 1341 1422
5619 942 1705
5877 1663 1733
624 1596 1488
4430 1587 1467
5431 1715 1672
212 1711 1658
865 1712 1695
3321 1377 1421
3501 1186 1517
3876 1624 1809
3914 1417 1436
4141 1576 1464
4639 1392 1429
107 1357 1417
4150 1333 1417
4447 1363 1396
5161 1578 1461
5377 1212 1513
627 894 1601
2046 1482 1929
4656 1451 1458
5140 1601 1471
786 1245 1483
1399 944 1537
2804 873 1559
3728 901 1602
4027 1472 1932
932 1660 1740
1206 1326 1422
1289 1430 1451
1342 1382 1415
4403 1582 1466
4526 1345 1406
531 1573 1471
674 1570 1462
995 1299 1433
3223 1717 1655
4162 1329 1415
322 1024 1484
716 1484 1926
772 1292 1803
2802 1229 1503
3839 935 1534
4201 1709 1692
4414 1474 1462
4442 915 1631
4963 1713 1641
2470 1599 1487
3246 893 1573
3424 1346 1424
4895 1265 1456
6188 1285 1439
958 1595 1495
1250 1605 1508
2150 1583 1472
2860 1645 1765
3072 1350 1429
4510 1034 1479
6071 1603 1496
1840 1049 1481
2291 1104 1503
3599 1105 1507
4648 858 1603
5213 1599 1508
5693 934 1535
203 1389 1432
1266 1352 1411
2008 1306 1433
2290 1370 1412
2632 1087 1486
3470 1705 1693
4786 1598 1490
5162 1289 1438
5883 1640 1781
430 1463 1927
1826 1708 1690
2636 1706 1699
3844 1471 1933
285 932 1555
670 1490 1468
1231 1098 1495
1275 1569 1471
2505 860 1595
3488 895 1583
3531 1652 1747
4400 1593 1462
4821 1053 1482
5083 1381 1421
5474 1257 1466
6044 1343 1418
5 1421 1426
81 1594 1477
125 917 1652
1166 1276 1450
2154 947 1533
2599 1407 1435
2706 1296 1438
3564 1603 1502
4086 1339 1433
4958 1288 1431
149 1648 1754
291 1276 1444
540 1607 1504
1699 900 1552
3572 1162 1502
3632 1469 1462
4068 1676 1720
4499 1412 1432
4804 897 1563
1381 1113 1513
1898 1431 1450
1997 1634 1796
2552 1657 1746
3871 1407 1932
4273 1090 1489
5812 1726 1666
695 1286 1439
1087 922 1681
1364 1351 1419
1816 1402 1441
3096 884 1577
5234 1375 1412
231 889 1569
254 1267 1449
4647 1418 1432
791 1404 1918
2165 1107 1509
3062 1487 1467
5663 1716 1647
6073 1325 1415
3211 1710 1696
4857 1438 1454
5158 988 1508
6164 1628 1803
4617 1230 1494
158 1373 1415
1951 1469 1465
2366 1232 1497
3299 1017 1484
1122 910 1612
1320 1582 1463
2511 1242 1482
2738 1243 1476
3227 1019 1483
3399 1610 1457
4777 933 1548
989 1604 1488
1787 1389 1932
3018 876 1563
3304 1197 1518
4176 933 1710
4871 1639 1775
5135 1592 1470
5509 1309 1430
5640 1278 1447
404 888 1558
927 1382 1411
1395 1387 1424
2798 1405 1438
3143 1709 1710
4188 1729 1687
6230 1102 1486
923 1688 1722
3195 1744 1671
3300 1623 1431
4572 1603 1464
5606 1732 1681
645 1563 1428
2300 1627 1416
4535 1718 1696
5423 1413 1422
122 1735 1666
134 1251 1449
191 876 1644
500 1629 1495
1836 1562 1454
3935 1735 1682
4213 1606 1455
208 850 1557
3460 1559 1434
4226 1672 1745
917 1551 1440
1242 1726 1654
2024 1613 1449
2703 888 1666
4023 1604 1444
2043 1137 1507
3239 1157 1495
3451 1616 1419
4549 1336 1383
5045 1724 1656
5189 1334 1383
768 856 1541
1470 1723 1696
1548 1570 1452
2439 872 1551
3568 1723 1637
3626 920 1730
4581 868 1672
4640 1257 1446
5325 1435 1445
1677 1257 1455
1766 1590 1436
2785 1463 1451
3598 1638 1796
4268 1464 1945
5442 1354 1389
2139 1318 1411
2652 1101 1487
3561 1556 1445
4037 1449 1445
4183 902 1681
4479 926 1538
584 1419 1424
1011 1725 1642
2191 1649 1767
5625 1495 1460
920 1606 1448
2199 1655 1752
2892 1722 1648
3279 861 1623
3322 1583 1430
4564 1503 1460
5111 1636 1490
832 1596 1459
2808 1230 1478
1062 1095 1481
3438 1220 1497
3502 1662 1744
4171 1114 1497
4285 884 1614
5358 916 1702
1768 1668 1747
2405 1718 1632
2840 1142 1503
4230 952 1519
4312 1672 1740
5464 842 1545
175 1455 1452
4101 1570 1444
966 1735 1653
1514 1378 1397
1636 1367 1391
2924 1326 1402
3217 1366 1385
2819 1723 1692
4606 1603 1443
5299 1564 1432
810 1577 1451
1285 1633 1491
2399 1625 1447
4031 857 1648
5357 1619 1460
5681 1486 1462
2387 1728 1661
3051 1692 1719
4788 1229 1481
853 1093 1475
1170 992 1493
1977 907 1662
991 1369 1399
1391 1717 1643
2184 1487 1459
2986 1611 1421
3602 1726 1657
34 889 1643
571 1205 1505
3128 1650 1762
4209 880 1632
4608 1735 1663
1019 1616 1459
2536 1386 1409
3149 1509 1459
4630 859 1537
263 1595 1448
2375 1353 1406
2539 1471 1455
5610 1611 1449
511 1458 1454
2714 1671 1733
3807 1377 1401
4947 867 1547
5733 1723 1649
1344 893 1644
1704 912 1543
4346 1360 1382
182 1645 1774
3972 1569 1435
6009 1344 1393
475 1316 1405
1150 1415 1425
1682 1627 1494
2036 1581 1433
3220 1347 1404
3569 1615 1456
4771 1717 1638
5015 1720 1647
5544 1630 1418
5986 1608 1470
6065 1612 1480
270 901 1534
781 1581 1438
1595 1629 1423
2976 907 1533
4234 1342 1403
795 840 1586
924 1461 1940
1396 1352 1407
2784 854 1571
4471 1609 1503
330 875 1671
2013 1377 1396
2132 948 1521
2828 1334 1393
3620 1588 1450
5281 1366 1397
2545 1585 1449
3679 1590 1443
3682 850 1598
3787 874 1601
368 866 1551
2520 1154 1498
3721 1277 1432
5422 1648 1777
505 1583 1456
744 871 1542
973 1239 1468
1014 1554 1437
4046 846 1600
4394 1578 1436
5794 1616 1461
5919 858 1576
442 853 1685
2691 1030 1476
5154 1740 1657
145 1346 1392
1473 1459 1447
6093 1612 1435
6159 1728 1670
1 1219 1503
621 1629 1415
949 1565 1444
1212 1052 1473
1918 1728 1663
3730 869 1561
3905 1428 1421
5060 1593 1450
5558 1607 1487
633 871 1641
1217 1581 1440
1233 1626 1422
2811 1576 1431
3688 846 1554
5787 1238 1471
89 1730 1646
1035 1654 1756
2322 1731 1649
3056 877 1546
3245 866 1567
4300 1555 1441
4676 1069 1471
5270 849 1552
1585 1573 1439
5645 1612 1462
6166 1292 1420
213 1620 1423
473 1026 1477
650 851 1530
5846 1622 1428
1031 863 1710
2571 1713 1700
3066 1682 1738
153 1725 1657
1117 1271 1431
1432 861 1608
2849 1627 1429
4801 1609 1494
4909 1261 1451
5708 1719 1693
2061 1327 1390
3610 861 1548
5897 1445 1451
148 1325 1400
262 1576 1433
308 1397 1420
452 865 1642
1200 1114 1501
2645 1441 1449
3118 1574 1434
3526 1722 1694
4546 1557 1450
518 1481 1459
693 1709 1704
2591 859 1671
3615 1570 1434
4533 923 1709
6171 892 1538
1417 1651 1773
3126 1473 1458
3833 1598 1447
4196 1703 1713
4391 1355 1400
612 1325 1395
5133 1719 1637
773 1741 1663
952 1620 1471
3284 1249 1460
4494 879 1625
2534 985 1500
3698 1618 1455
4862 1721 1685
4953 893 1638
5975 1584 1451
474 1126 1501
565 904 1652
986 1657 1755
1013 1720 1637
4222 1556 1454
6144 851 1547
2732 1438 1444
3298 1664 1751
4369 1620 1419
6219 1633 1488
703 1608 1460
826 1730 1665
886 1641 1795
2595 1387 1403
4102 1741 1659
252 1455 1454
2369 1730 1653
2397 858 1561
2066 897 1699
2326 1324 1406
3463 1701 1715
4792 1614 1468
5203 1198 1505
5243 1723 1635
2050 1130 1503
4232 1456 1445
4322 862 1571
4432 1333 1384
4707 1728 1643
5231 1732 1684
1095 1336 1385
1600 1733 1661
1730 861 1559
2565 1615 1473
3699 1335 1402
824 849 1530
2393 1178 1500
5881 1469 1459
1359 868 1536
2543 1622 1433
4392 1620 1432
1575 1225 1493
1821 1372 1400
2169 1094 1484
2254 1698 1719
4705 1585 1450
5001 1619 1418
141 1599 1447
1010 1494 1459
2888 1385 1411
3127 1369 1396
4506 1719 1700
5827 1595 1443
1587 1574 1452
2108 1386 1406
2990 1368 1388
3323 1646 1770
4380 1019 1477
4851 1618 1457
5250 1644 1775
5309 1731 1673
2649 1444 1446
2962 1620 1445
1376 1728 1682
1569 1427 1438
1811 1381 1402
2296 1375 1399
2510 1429 1440
4045 983 1501
4782 1654 1759
5476 839 1555
1973 847 1542
4746 1681 1727
5932 1336 1391
724 861 1612
811 1695 1720
1038 869 1540
5496 1084 1477
992 1732 1656
2213 972 1509
3557 898 1659
4065 1674 1735
5289 1492 1461
5654 1343 1397
3516 850 1550
4799 1346 1390
5469 959 1514
427 1562 1451
1519 1102 1483
2003 1379 1400
4748 1068 1473
5514 1472 1451
5922 1722 1639
373 843 1560
1489 908 1534
4596 1358 1391
5034 863 1628
5542 1451 1451
235 1581 1427
267 878 1596
426 1398 1411
813 1617 1417
2168 878 1684
2937 886 1674
3549 1476 1459
3766 1000 1494
1721 1500 1464
3767 917 1698
4016 1616 1450
4195 1731 1668
4441 1677 1737
5224 1628 1417
5581 1278 1427
5611 860 1563
6179 1600 1463
1911 1610 1476
2081 1337 1395
3481 1742 1665
3991 828 1714
1626 1432 1446
1667 1317 1401
2345 1410 1427
4605 1729 1681
4489 1669 1746
5772 1610 1482
72 1718 1635
573 1625 1413
2580 1107 1490
4832 1244 1464
5089 1673 1746
277 1062 1473
2083 1311 1404
2441 833 1586
2631 1718 1641
3375 1345 1391
4571 1335 1392
172 844 1710
1120 1607 1463
2332 1302 1417
2801 1618 1434
3716 1606 1489
4419 861 1568
4607 1747 1668
5999 1204 1512
3953 917 1670
4239 1674 1737
2211 1469 1456
2537 1232 1474
3694 1718 1644
179 855 1544
1408 1568 1455
5211 1400 1417
946 1611 1432
1410 1608 1488
4408 913 1533
4565 1674 1743
4773 1601 1442
432 1677 1729
560 1394 1419
3627 1252 1457
4032 1350 1403
5112 1607 1492
5280 819 1697
5547 875 1597
5723 856 1555
5870 1440 1445
5963 1578 1437
1398 1369 1392
950 836 1707
1672 1022 1481
2347 1170 1495
3473 1060 1475
3794 1734 1659
5013 878 1533
5072 1733 1676
5253 1622 1457
715 1325 1390
1643 848 1609
1765 915 1542
1922 1328 1407
4930 1503 1461
82 1640 1792
720 1645 1788
1081 1625 1420
1823 1674 1729
3048 1682 1737
257 1403 1415
260 1639 1795
1757 1287 1425
1913 1586 1454
2018 971 1768
2448 1724 1645
5242 1426 1419
5255 884 1679
65 1341 1383
292 1366 1390
2445 1017 1481
436 1628 1438
921 1409 1420
1167 1327 1391
1559 1390 1411
1003 1282 1431
2715 1622 1443
4433 1280 1422
5134 1285 1419
3949 1238 1481
4566 1643 1790
237 1622 1424
1351 1739 1676
3445 1392 1409
3921 1720 1648
1634 1161 1495
2898 1720 1627
3862 1610 1435
3874 846 1552
5735 863 1564
351 1252 1454
1579 858 1551
3960 1617 1437
4722 1507 1462
882 1728 1656
1378 1296 1419
2324 925 1734
2681 1560 1431
3069 1682 1725
4117 1712 1704
762 1641 1783
1521 838 1595
1952 880 1647
3661 1430 1419
3847 1401 1420
5099 1561 1446
5347 880 1605
6126 1313 1409
6236 1738 1671
873 1579 1440
1642 896 1530
4294 1280 1426
1229 1604 1485
4570 1133 1503
5142 1643 1794
298 1549 1450
348 869 1576
846 823 1720
5005 1723 1682
5806 1416 1929
6120 921 1694
365 1618 1469
3388 850 1707
2311 1577 1429
4434 904 1635
5990 1510 1461
120 1732 1647
3091 1327 1395
5629 1314 1413
6193 1618 1423
2423 1323 1397
2480 1710 1708
2721 1593 1447
3261 1112 1491
4449 1345 1387
5401 1029 1475
5959 850 1564
147 1726 1679
503 932 1532
2882 995 1498
3170 1628 1490
4791 1712 1706
5765 1212 1503
6123 1111 1492
1799 1321 1396
2751 1633 1811
3070 1617 1476
4286 1274 1429
5106 1346 1386
6231 1737 1655
620 1623 1451
1093 1309 1417
1154 1382 1400
2586 1642 1786
3854 913 1663
4798 877 1624
3219 1660 1745
3293 917 1536
4112 1339 1380
6029 1249 1462
293 875 1683
748 903 1539
2638 1582 1437
2933 1711 1701
3456 861 1675
3725 906 1681
5052 1379 1398
586 1501 1459
1162 1589 1453
1804 856 1611
4266 1612 1426
1030 1388 1412
3796 1563 1438
4925 1720 1639
5023 883 1643
5027 1624 1409
5696 868 1656
6168 1631 1501
617 1418 1930
1775 1719 1690
1984 1632 1485
3131 1723 1685
4845 844 1537
730 916 1653
1123 1239 1480
3050 1339 1397
3652 1355 1410
5062 1724 1691
5164 1597 1441
5186 1652 1772
5447 1637 1801
5712 1588 1441
94 1429 1445
1354 1389 1407
1356 1696 1721
2049 1626 1819
4410 1385 1406
5649 1183 1507
841 1582 1457
1780 1719 1688
3892 1347 1405
152 1569 1440
4587 1293 1418
5017 872 1574
4819 863 1535
4843 1429 1417
5888 1733 1650
667 1308 1407
829 1679 1735
3674 1669 1738
3678 1364 1391
5760 1623 1440
415 1342 1399
546 883 1542
664 1627 1434
1178 910 1543
2411 1661 1743
3842 1061 1466
4021 1641 1428
4054 1713 1546
5033 1346 1369
5202 1739 1690
414 1686 1535
2068 832 1536
2333 1613 1405
2506 1661 1772
3797 848 1526
4484 1706 1565
4853 1321 1374
5666 1068 1464
6202 823 1575
5454 1755 1660
948 1758 1652
2299 1609 1425
2522 1430 1951
4592 1733 1644
4949 1753 1665
5206 1096 1475
5264 1698 1543
5285 1493 1923
5470 1620 1392
1126 1615 1396
2889 853 1736
3835 1632 1466
4025 1314 1384
4240 1613 1391
5954 1477 1443
827 1726 1531
1039 1636 1461
1291 1601 1430
3806 848 1575
4838 1711 1535
183 1638 1441
355 1475 1451
998 1740 1680
1082 1732 1641
3358 1324 1370
3813 1305 1402
4121 1606 1428
4662 1693 1547
5288 892 1522
6048 1601 1397
4316 1583 1421
5321 1188 1496
5813 1613 1396
5996 1637 1504
1437 1583 1394
1697 1613 1392
5706 1632 1408
154 1586 1391
2053 1669 1755
5931 833 1611
6245 1710 1543
849 829 1541
1662 1631 1441
3054 1742 1678
3696 1629 1468
3809 1546 1440
4631 1733 1534
706 1614 1398
1370 1703 1720
1835 1729 1536
3601 1714 1579
4313 1695 1553
4478 1591 1416
5487 1646 1801
5500 1367 1385
5634 832 1569
1205 1642 1412
2728 1449 1417
3717 1592 1391
5400 1714 1713
5993 1746 1674
6210 1697 1550
974 1336 1375
4716 787 1688
5239 1640 1448
5911 1620 1479
568 839 1528
646 1690 1560
1055 1045 1468
3238 1687 1539
3616 1750 1676
4128 1427 1433
4165 1689 1555
4706 1704 1530
5181 1700 1542
5647 1630 1460
1419 1695 1532
1456 1478 1446
1709 1347 1929
2126 1640 1437
3608 1600 1396
4153 1749 1672
4396 1732 1529
5156 1619 1394
342 1693 1528
559 811 1686
654 1694 1726
752 1677 1747
1461 1632 1434
1715 1557 1415
1716 1351 1378
2070 1632 1431
2556 1607 1431
3138 1323 1387
4955 1662 1761
1234 1582 1408
3745 1663 1754
4641 1601 1400
5341 842 1573
74 1757 1674
844 809 1708
1936 1595 1391
4043 1253 1436
433 1578 1401
4426 1725 1702
2272 1604 1434
4375 1736 1649
5991 1601 1411
1182 1701 1548
4083 1637 1441
5360 1584 1415
5843 1568 1415
39 1388 1399
1443 1622 1407
2684 1622 1469
3778 1594 1411
4160 1728 1635
5411 1746 1645
1077 1732 1691
1954 1539 1436
2863 1718 1540
3462 1433 1434
4355 1246 1446
4383 791 1675
5059 1603 1398
5552 1736 1647
2197 1477 1442
4975 1695 1735
5410 1629 1473
5539 1616 1391
6151 1202 1494
3173 1401 1398
4372 1629 1471
4982 1233 1451
5175 1581 1406
5680 1702 1726
304 1622 1478
448 1753 1651
1363 838 1620
3614 1610 1413
4960 1694 1732
5086 1362 1373
493 1702 1557
1748 1708 1579
5992 1475 1443
692 1752 1648
1927 1592 1402
2153 988 1487
2269 1634 1434
2583 1610 1396
2756 1725 1542
2941 1594 1395
3761 1635 1467
1098 1440 1435
4287 1746 1660
1526 1727 1622
1890 1322 1384
2460 1763 1666
4719 1434 1414
5012 1597 1404
5459 1636 1493
2626 1107 1478
2711 1385 1960
2923 1480 1451
3719 1727 1626
3738 1638 1439
1402 1698 1530
1731 1003 1480
2143 1731 1533
2904 841 1516
2977 1245 1456
5746 1235 1458
593 1447 1437
1115 1400 1399
2136 1638 1399
2486 894 1521
2521 1606 1437
6082 1723 1543
2001 1580 1393
3429 1748 1683
5817 1434 1437
5837 1538 1440
5951 1693 1736
591 1691 1737
2198 1354 1373
3970 1615 1410
3206 802 1687
4562 1710 1573
4578 1715 1537
5019 1632 1463
1843 1295 1407
1929 1642 1409
84 808 1696
1258 1439 1412
3278 1692 1728
3908 1412 1414
4187 1639 1500
438 1550 1421
504 1614 1402
4042 1557 1422
2182 1425 1429
185 1284 1411
3529 1411 1410
3705 1250 1448
4585 1454 1437
4643 855 1518
4813 1565 1425
5404 824 1600
5968 1287 1415
1027 1335 1371
3780 1568 1421
4761 1747 1653
4772 1258 1437
5646 1547 1436
389 833 1678
2469 1702 1535
2936 1340 1369
3500 1629 1393
3585 1442 1432
225 1723 1703
2052 1566 1419
2810 810 1691
3710 1066 1460
5679 1365 1959
3528 1570 1406
4103 1751 1672
770 1708 1546
2464 1420 1416
5682 927 1524
5821 1349 1368
4379 1637 1453
5149 1012 1476
5277 1718 1527
5637 1756 1675
5041 1761 1668
3303 910 1524
4060 1528 1442
4177 1487 1452
4614 1761 1647
2175 798 1705
2316 1415 1412
2483 1420 1948
2813 1652 1775
3308 1638 1433
557 1560 1425
583 1697 1729
1785 853 1520
2412 1454 1439
1070 1417 1407
2388 1752 1654
3008 823 1580
3915 1690 1743
4334 1733 1528
4976 815 1693
754 1606 1398
3628 1697 1559
4109 1017 1471
6208 1634 1431
6220 1320 1377
4994 1309 1394
3305 1308 1397
3894 1645 1407
4620 1744 1660
5188 1710 1713
5627 1566 1405
496 1755 1647
1172 1766 1655
3253 1225 1473
3827 1691 1544
4820 1742 1641
1018 1623 1400
3392 1738 1692
3928 1013 1478
4118 1739 1648
1153 1762 1650
1246 1413 1416
2792 1489 1454
2796 1602 1427
4013 1562 1421
5393 1441 1411
3205 1705 1533
3743 1718 1530
3988 1383 1396
4665 1682 1553
5413 850 1512
5761 1695 1541
5970 1685 1554
6011 1285 1412
2125 1725 1632
2839 1598 1402
4776 1210 1495
190 815 1672
422 1708 1534
890 1744 1648
4259 1630 1440
4543 1624 1401
4582 844 1522
4733 1413 1942
2578 1469 1441
2806 1595 1418
3742 1484 1946
3978 1639 1429
4067 1691 1730
5690 1619 1407
1365 828 1565
3093 1405 1411
87 1618 1392
1332 1550 1424
1702 1652 1790
3255 1728 1539
1029 1642 1799
3641 1643 1430
3857 1139 1501
5906 1764 1660
6239 1268 1418
1020 1415 1411
1091 1756 1658
4621 1172 1494
4697 863 1524
5860 1542 1434
6054 1643 1499
2938 1605 1436
2978 1578 1392
4091 1609 1408
698 1497 1456
1469 1755 1662
1947 1749 1658
2859 1402 1404
3361 1721 1540
4056 1708 1538
4986 1387 1397
5339 1066 1468
5795 993 1490
5854 1628 1394
972 1755 1650
2428 1608 1403
140 1633 1405
3270 1448 1419
4967 1729 1698
5802 1676 1750
1912 1596 1399
2075 1605 1407
4468 1733 1639
4660 1632 1400
5070 1327 1370
5148 1697 1547
2122 1633 1421
2744 1639 1505
2758 1583 1412
3877 1581 1413
5929 1109 1486
1049 1600 1415
1797 836 1522
3490 1578 1405
5183 901 1521
5779 837 1537
193 1294 1404
899 1441 1436
3718 1630 1455
4891 1637 1451
4922 1728 1622
144 1200 1500
1802 1591 1414
3033 1745 1655
3841 1610 1406
5863 1564 1409
4858 1515 1450
5709 1648 1798
174 1591 1423
828 1634 1417
975 1644 1489
2319 1648 1794
3452 1581 1393
3582 1592 1429
5525 831 1562
1360 1423 1423
3980 1364 1383
845 1631 1432
2476 1595 1434
3897 1707 1554
4073 1336 1370
491 1520 1446
4041 1635 1435
1385 1341 1376
1527 1573 1409
2115 1465 1439
2422 1637 1393
4695 1633 1403
5215 1633 1464
5788 1116 1481
197 1438 1417
361 1669 1758
4277 1600 1424
4717 1694 1552
5118 1249 1446
486 1074 1466
1425 1631 1437
1576 978 1501
1762 1761 1663
4789 1623 1395
5369 1458 1437
5434 1688 1741
5566 1243 1413
5671 1732 1634
3 1629 1455
306 845 1517
1781 954 1754
1949 1594 1409
2707 1498 1455
4580 1163 1490
6128 1576 1396
1689 1406 1408
1904 1637 1445
5580 1422 1411
249 884 1721
2619 1209 1498
3116 929 1525
510 1435 1433
2208 1633 1394
2909 1632 1459
3256 1366 1379
4092 1284 1417
4456 1690 1730
4912 1618 1403
5187 891 1521
1383 1577 1415
1986 1393 1393
2809 1585 1417
5923 1234 1469
5995 1504 1456
1260 1597 1424
1568 928 1526
2034 1065 1463
2186 1598 1407
2743 1749 1674
2891 1640 1417
3007 1649 1789
3145 1036 1466
3420 1677 1548
3775 1697 1727
4683 1731 1539
4704 1252 1426
700 1635 1438
960 1731 1630
4421 1128 1493
5254 1708 1530
5942 1642 1494
1418 1578 1397
2731 902 1529
3089 1748 1670
3647 1511 1450
3740 1713 1582
4384 1631 1395
4438 1759 1649
131 1764 1661
268 1687 1542
2310 1219 1480
2568 1717 1709
3836 844 1572
4915 1738 1641
6194 1396 1396
822 1725 1636
2148 1645 1412
2735 1627 1480
2846 1748 1681
3594 1652 1789
3712 1727 1536
4611 1140 1496
4749 1437 1409
5530 797 1669
1067 1379 1389
1719 846 1530
5867 1135 1501
6155 1241 1448
105 1495 1929
554 1438 1430
1653 1239 1451
3723 1234 1426
4907 1355 1933
556 793 1695
743 894 1523
1193 1490 1449
5819 1699 1555
5847 1702 1544
861 1131 1490
1097 1735 1695
2380 1691 1539
3347 934 1529
4307 1233 1443
5043 1676 1747
421 1679 1546
3373 1342 1374
5950 1721 1703
314 1638 1807
2285 1756 1655
4827 1502 1450
5941 1422 1428
717 1730 1640
2344 1220 1483
3099 1641 1510
4359 1662 1766
4514 1723 1629
4568 1326 1380
5332 1721 1533
6098 1447 1414
35 1381 1394
1852 844 1620
3703 1686 1750
4609 1673 1754
5354 1549 1435
5405 1724 1628
3773 1698 1541
4306 1319 1393
4480 1301 1404
5771 874 1528
587 1751 1677
736 1209 1496
4142 1335 1928
4574 1290 1411
4780 806 1682
5169 833 1523
797 858 1523
1507 1711 1716
2250 1697 1565
2307 825 1585
2890 896 1524
3587 1493 1449
408 1338 1368
541 1372 1945
918 1743 1681
1247 1762 1655
1978 839 1569
5438 1715 1585
6016 1642 1809
469 1643 1806
767 1694 1534
1563 828 1543
2708 1320 1388
4554 1729 1533
5014 1537 1435
5600 1698 1728
5905 1330 1369
343 1643 1805
659 1468 1443
1554 1435 1412
2089 1332 1372
4730 821 1739
5774 1266 1428
1224 1645 1495
5880 814 1654
1116 1291 1408
2223 790 1683
3993 1378 1383
4144 1508 1449
4305 1305 1403
5373 827 1565
5397 1756 1666
206 1486 1931
1502 790 1692
2117 1397 1399
2384 1704 1546
4147 1279 1414
5786 1432 1430
872 1428 1411
1377 1748 1666
61 1299 1405
2579 1540 1429
4721 1175 1489
911 1505 1456
5392 793 1671
733 1072 1467
1763 1253 1433
2382 906 1525
5226 1025 1470
362 943 1521
888 1427 1945
971 1715 1708
1076 1728 1633
1132 1656 1770
2570 1282 1411
3371 1343 1379
3638 1234 1464
990 1474 1445
1259 1699 1741
2761 1682 1751
3085 1723 1537
4113 1312 1385
4204 1685 1540
5308 1747 1682
5971 1467 1448
4527 1262 1424
5381 1737 1687
6156 1663 1763
2487 1492 1455
3476 1670 1749
326 822 1563
2076 1708 1544
3933 1689 1545
1509 1730 1535
2023 1689 1548
2218 1712 1541
5055 1325 1385
1506 976 1501
1833 1731 1535
2297 1691 1531
2478 1410 1405
3818 830 1554
5402 1407 1402
509 1722 1527
590 1432 1416
1428 1268 1426
2063 1665 1756
3457 1629 1824
3505 1100 1471
3566 875 1712
3966 1657 1776
339 1250 1435
381 829 1558
2232 865 1729
3251 980 1498
4080 825 1605
4149 820 1564
4521 1677 1545
5090 1306 1397
5704 1437 1414
1012 1686 1734
1960 1656 1771
2942 1697 1735
6147 1141 1489
1680 1499 1450
2660 1727 1540
2886 1049 1468
3412 1124 1490
3496 1664 1767
5406 904 1521
5651 1653 1778
5801 1647 1490
3977 1146 1490
6255 1688 1533
951 1133 1492
2082 1347 1377
2459 1719 1545
2488 1432 1436
4140 1697 1543
5071 1444 1417
5513 1687 1549
5642 1720 1535
384 1317 1378
1072 1457 1445
3316 895 1525
3368 1331 1372
5192 1206 1493
5595 1376 1390
299 1096 1469
1191 1030 1470
1903 1430 1431
2466 1540 1434
2472 1048 1466
2554 1350 1367
5128 808 1690
6012 1738 1649
358 1222 1485
2834 1314 1397
5842 1286 1410
6122 1236 1469
1152 1659 1774
2212 1653 1787
2763 1390 1392
2919 1705 1555
3078 1039 1465
3551 1497 1451
3887 1649 1785
4005 1729 1631
4544 1014 1476
4797 1427 1948
241 948 1516
1127 1514 1452
3160 1373 1942
3314 1077 1463
3345 1444 1421
3562 1336 1366
3609 941 1526
233 1725 1534
709 1008 1481
3044 1691 1733
4928 1401 1402
5079 1644 1493
5587 1701 1554
2 1481 1449
188 1693 1541
402 1084 1470
3722 1733 1539
37 1315 1379
1209 1008 1470
1921 946 1508
3265 1750 1518
4387 1382 1963
4677 1663 1520
5150 1454 1408
516 812 1608
638 1215 1476
2262 1689 1528
3377 1751 1506
3676 1730 1523
3899 1324 1366
1063 1751 1521
3709 1755 1545
3795 1258 1419
5471 1672 1536
443 806 1673
3224 1721 1559
4500 1672 1540
3097 1671 1538
3430 1718 1575
5101 1084 1458
307 1755 1509
2096 771 1697
2099 1750 1528
4208 1238 1420
5174 1733 1623
737 1331 1963
3882 1734 1511
4154 987 1485
4591 1742 1516
4657 1224 1434
5366 984 1480
5608 1534 1426
5734 1731 1508
3465 1492 1437
5209 1358 1959
1891 949 1513
3397 1369 1367
4055 1654 1497
1899 829 1634
2947 1662 1509
4081 1230 1439
4688 1447 1425
166 1456 1424
788 920 1515
807 1272 1406
1670 921 1514
1807 1248 1421
1932 1462 1414
2760 1357 1364
3109 1504 1938
4283 1041 1460
5295 1212 1469
5326 1349 1357
5814 1445 1403
2787 1331 1363
3873 1710 1722
4123 1308 1379
5152 1775 1658
5461 1217 1462
441 1369 1963
1346 767 1702
3690 1755 1641
6203 1653 1507
119 1433 1402
524 1382 1380
4098 1364 1365
4559 1648 1496
4745 1433 1409
4767 1646 1506
4929 1391 1381
5022 1038 1464
5024 1002 1472
5324 1642 1815
5683 1633 1824
444 1395 1387
2432 1770 1659
2696 1490 1445
3013 812 1637
3336 1069 1456
3840 1448 1405
1692 1256 1398
2244 1432 1407
2409 1229 1403
2824 1731 1618
3426 1341 1356
928 1435 1401
1693 1700 1746
2086 1445 1399
2289 1218 1458
2837 1223 1429
3225 1241 1397
4095 1350 1972
5955 1443 1403
1478 1309 1382
2610 1739 1633
3555 1378 1375
2242 1246 1398
2762 1507 1443
3584 1741 1633
5297 1028 1466
1053 1314 1379
2544 1126 1477
3349 1465 1426
3363 1459 1419
3576 1654 1489
4992 1727 1705
5427 1500 1445
5460 1112 1467
5473 1463 1414
387 1232 1417
968 1462 1433
1338 1344 1364
5486 1342 1358
5695 1235 1409
340 797 1656
456 1295 1399
1845 799 1678
1945 1718 1718
3800 1656 1501
4501 823 1628
4702 1333 1915
6213 1234 1402
837 1417 1398
2095 1311 1381
2354 1372 1971
3956 811 1623
25 1511 1446
1711 1335 1360
3120 1660 1518
3378 1123 1469
3433 1405 1397
4308 1657 1793
4475 1352 1362
6174 1725 1709
146 1086 1461
802 1494 1440
1222 1263 1392
1540 1665 1511
3165 1487 1437
6111 1514 1442
4235 1233 1410
555 1380 1374
1210 1174 1483
1516 1291 1399
1651 1209 1471
1884 1736 1622
4785 1399 1390
729 1408 1961
1125 1382 1382
2816 1757 1643
2950 1459 1432
5770 1462 1416
935 1231 1420
4670 1527 1431
4985 1346 1362
850 1436 1960
943 809 1606
2072 1510 1933
3214 1414 1398
4320 1662 1505
6253 1473 1439
980 1657 1513
2020 1372 1374
5889 1227 1420
600 1187 1481
683 1222 1449
1294 1408 1390
2214 1410 1391
3171 1516 1435
4354 1646 1816
6105 1429 1400
956 1318 1367
1582 1210 1485
5084 1681 1760
1596 1405 1956
2114 1649 1507
2195 1357 1355
2676 1509 1446
3822 800 1673
3981 1503 1445
6251 1349 1964
3285 1173 1474
3898 1695 1754
3924 1738 1635
4297 1326 1948
4353 1530 1427
996 1518 1438
2202 1652 1504
2420 1413 1402
4200 1774 1646
5274 1659 1491
1752 1478 1440
2492 1196 1483
2699 1488 1443
2987 1466 1436
3032 1699 1751
3727 1771 1642
4216 1658 1497
969 1223 1414
1393 1445 1404
1678 1664 1777
779 1347 1359
2817 1733 1630
3053 1249 1393
4910 1500 1441
5926 1341 1362
631 1314 1369
2252 1063 1452
4636 1694 1750
5356 1229 1430
5825 1268 1413
796 1772 1658
840 1481 1442
1017 1228 1453
3527 1672 1760
4435 1645 1510
774 1652 1495
2149 803 1672
2360 1729 1618
3591 1408 1970
4405 1228 1414
280 1139 1481
2235 1227 1413
2582 1204 1491
4892 1329 1365
5590 1665 1484
316 1674 1768
494 1525 1430
3259 1239 1440
5223 1217 1451
1741 1219 1426
4486 1359 1367
5221 1299 1388
2690 1237 1411
3713 1656 1785
4157 1483 1955
4440 1061 1459
597 1080 1459
1722 1131 1478
3860 1662 1781
4318 1235 1439
5244 1064 1455
1948 1354 1366
1995 1712 1724
2002 1215 1478
2642 1189 1482
3891 1720 1711
5660 1771 1657
5822 1234 1423
2821 1678 1758
1465 1306 1389
2330 1277 1406
2836 1242 1433
4448 1226 1455
4511 1228 1432
5917 1649 1513
904 1299 1393
1089 1724 1706
4836 1244 1407
4917 1185 1479
246 1737 1619
483 810 1626
2248 1657 1517
2605 1661 1512
3187 1772 1649
3264 1403 1391
4768 1200 1479
5546 1298 1391
979 1356 1362
1268 1364 1368
1976 1766 1644
3644 1662 1783
5138 1213 1485
1165 1193 1486
1295 1666 1774
1879 1400 1389
3760 1671 1773
987 1348 1359
2453 1751 1641
2759 1409 1392
3043 774 1721
4711 1654 1484
2356 1430 1404
5538 1271 1413
5450 1364 1970
2278 1249 1412
2807 1327 1366
3790 1648 1808
5874 1018 1468
1462 942 1767
2194 1404 1387
2450 1253 1398
2612 1297 1396
3607 1290 1402
5157 1355 1356
5871 1048 1456
6131 1259 1414
977 1715 1717
1501 988 1480
2113 851 1766
2577 1263 1409
4615 1774 1651
563 1659 1494
3102 1310 1944
3319 1326 1367
4194 1731 1620
4931 1340 1355
5200 1274 1412
214 1699 1744
644 1653 1514
889 1653 1483
3848 992 1482
507 1709 1728
896 1768 1644
5439 1427 1404
1232 1405 1388
3995 1673 1765
4560 1744 1634
5928 987 1479
6072 1677 1756
1405 1386 1968
2628 1682 1755
3967 1415 1401
3985 1737 1626
5707 1413 1392
6190 1765 1648
1882 1709 1738
1963 1658 1506
3965 1736 1625
4602 1770 1639
5468 1238 1439
5796 1410 1957
2795 1657 1503
3244 1660 1776
4097 1265 1415
5107 1386 1382
243 994 1477
820 1206 1474
836 1704 1729
1286 1653 1500
1865 1762 1643
3087 1652 1487
3286 1735 1617
3711 1646 1508
3879 1658 1482
4793 1303 1390
5085 1773 1661
883 866 1752
1375 1090 1459
1876 1654 1492
4503 1307 1386
1296 1657 1798
2045 1225 1422
2327 1199 1475
3000 1415 1966
3990 1514 1937
5095 771 1725
5136 1509 1938
5869 1183 1487
5948 944 1758
0 1670 1767
297 796 1748
377 1112 1472
3071 1471 1959
3114 771 1694
3805 1650 1516
4261 1768 1661
711 1663 1514
821 1303 1843
5130 1243 1422
544 816 1638
891 1237 1422
2867 1442 1954
3621 1408 1400
1379 1377 1378
1801 1257 1391
2079 1363 1365
2389 1651 1802
4784 1217 1471
5002 1239 1413
578 1369 1366
1705 1238 1425
3011 1294 1397
3504 1192 1492
5230 1230 1455
5477 1757 1644
5866 1424 1403
6055 1648 1491
913 1739 1624
942 1644 1811
1300 1397 1394
1710 1361 1362
2341 1641 1816
3194 1649 1520
5811 1646 1517
22 1695 1745
1025 1253 1411
1739 1706 1732
3369 1173 1485
4402 991 1475
1000 1417 1402
1004 1158 1484
5210 1352 1357
492 1731 1616
1243 1639 1816
1394 1646 1515
1510 821 1762
1842 1360 1363
4826 1653 1485
5980 1386 1378
868 1307 1377
3135 1655 1525
4076 1769 1648
4406 1228 1440
6244 1070 1457
684 1255 1394
719 1317 1375
2312 1257 1407
4010 1775 1652
5394 1652 1489
4186 1456 1963
6232 1659 1511
192 1654 1790
224 1686 1756
522 1137 1480
3695 1729 1621
3997 1769 1638
5098 1658 1788
14 1295 1391
399 1309 1932
1094 1224 1437
1700 1211 1468
2177 1646 1503
3022 1185 1482
3040 1400 1393
4588 1217 1476
5056 1232 1432
5717 1199 1484
5767 1244 1435
5983 812 1624
54 1256 1393
2286 1224 1461
3291 1656 1495
2071 1024 1467
4333 1246 1430
1288 1184 1481
1476 1295 1393
3113 1165 1476
3763 1767 1640
3957 1251 1400
5907 1078 1454
50 774 1686
2662 1214 1460
2855 1244 1408
4184 1305 1362
4288 1677 1498
4466 1001 1460
5622 1507 1946
3144 1717 1729
3765 1672 1481
5676 1355 1329
5899 1722 1453
2991 1783 1634
6200 1662 1498
2602 1160 1472
4323 1776 1631
4337 1400 1379
3235 1262 1395
5104 1667 1478
5754 1741 1619
3645 1133 1459
6045 1713 1738
1873 1183 1460
2151 1677 1493
3546 1390 1372
5908 1218 1405
15 1781 1631
2171 1383 1356
2585 1273 1392
3139 1784 1660
3201 1421 1391
3212 1051 1450
4063 1671 1498
4737 1731 1715
4923 1681 1466
5669 1413 1389
6118 1352 1347
1326 1046 1452
1590 1309 1370
1688 1349 1350
2865 1305 1372
4029 1751 1636
4215 1677 1500
479 765 1741
1241 1677 1485
1671 1669 1471
1784 1787 1648
2284 1213 1406
5526 1418 1386
5805 1309 1369
186 1384 1357
204 1393 1374
1129 1666 1490
5196 1440 1394
5840 1765 1636
2147 1765 1638
2421 1202 1458
2473 1378 1362
2489 1720 1736
2803 1304 1931
3001 1204 1438
4667 1128 1469
1390 1447 1382
1915 1783 1665
3124 1397 1380
3181 1206 1468
3542 1330 1357
4974 1288 1391
5939 1348 1333
269 1270 1401
4633 1269 1383
6000 1427 1384
4904 1195 1445
5293 1345 1336
5333 1783 1644
5428 1671 1476
6080 1732 1449
1505 985 1475
1614 1390 1359
2121 1684 1476
6033 796 1603
85 1218 1401
1253 1681 1463
2027 1760 1636
4000 1685 1468
5744 1783 1652
6234 1683 1484
755 1682 1491
1340 1680 1494
3075 1428 1387
4256 1750 1635
4769 1217 1398
4842 1713 1460
5594 1686 1475
2334 1342 1350
2689 1406 1384
4100 1716 1735
4589 1280 1398
5562 1193 1447
5677 1749 1638
1131 1210 1455
1334 1445 1377
3098 1213 1427
3895 1440 1376
5064 1205 1460
5900 1332 1358
6010 1304 1367
3829 1367 1350
5054 1668 1492
1895 1201 1450
2127 1669 1511
2843 1437 1379
5389 797 1593
5875 1189 1467
2778 1203 1418
3734 1119 1462
3941 1434 1386
4540 1092 1446
5275 1417 1382
5816 1447 1388
168 1312 1363
2093 1314 1361
3182 1212 1437
3640 1725 1455
4301 1342 1339
5374 1336 1352
5756 1442 1380
423 1676 1504
749 1666 1501
838 1262 1400
2028 1668 1499
2124 1498 1947
3086 1351 1339
4199 1150 1467
4613 1752 1628
6088 1407 1376
6216 1340 1336
1668 1756 1633
4139 1271 1395
4723 1776 1635
200 1338 1340
1987 878 1751
2253 1137 1473
2592 1758 1634
2639 794 1610
49 1301 1384
1057 1337 1339
1279 1374 1365
2029 1672 1465
3186 1202 1445
3910 1334 1339
4347 1679 1468
4808 1610 1903
5467 1354 1335
5844 1409 1388
6063 1443 1381
6246 1210 1413
1052 1786 1662
2530 1377 1357
680 1420 1385
1148 1437 1389
1983 1409 1378
2992 1306 1369
3693 1683 1490
5909 1315 1357
6081 1371 1353
2368 1778 1631
2523 1675 1477
1580 1433 1394
1896 1359 1345
2564 1367 1986
3356 1522 1943
5495 1300 1373
708 1676 1465
1065 1747 1631
1555 1317 1861
3503 1427 1978
3665 1755 1633
3680 1404 1378
4811 1395 1372
5282 1731 1712
5312 1686 1490
1282 1353 1353
2376 1406 1379
5773 1680 1478
1679 1346 1353
2349 1418 1379
2960 1714 1729
5408 1669 1468
6024 1727 1719
2414 1789 1650
4202 1216 1413
5849 801 1614
320 1665 1475
653 1365 1351
2009 1742 1620
2737 1203 1457
3512 1254 1404
4275 1359 1349
4519 1224 1397
5415 756 1726
5492 787 1622
5698 1447 1384
2729 1684 1494
2893 1139 1471
3518 1302 1898
3781 1327 1345
5249 1330 1351
5452 1681 1462
5621 1291 1388
127 1391 1372
1608 1481 1962
3404 1423 1379
3681 1282 1389
4927 1299 1378
5730 1673 1507
660 787 1630
1056 1755 1632
1649 1675 1491
3670 1215 1411
5443 1326 1349
5927 1149 1469
2812 1751 1625
3764 1778 1663
4053 1782 1631
6198 1296 1380
907 1397 1383
1382 1777 1642
3838 1330 1347
5074 790 1754
5688 1232 1394
1487 795 1618
2502 1667 1508
3210 1091 1451
4104 1718 1462
4151 1715 1740
4282 786 1610
4700 1402 1376
4755 1412 1385
5103 1289 1388
940 1445 1386
1032 1674 1467
1434 1669 1479
2983 1680 1498
1795 1682 1499
1860 1387 1370
2041 1311 1363
3130 1414 1388
3929 1371 1981
4908 1669 1497
5502 1680 1481
5703 1325 1356
407 1666 1497
1490 1259 1405
2337 1298 1386
3142 1333 1345
3357 1737 1714
3449 1359 1337
3553 1663 1474
4129 1399 1384
5511 1381 1373
6182 1785 1659
2328 1775 1640
2594 1499 1940
4429 1711 1729
6204 1267 1389
2436 1713 1732
2780 1732 1715
3474 1019 1460
5570 1727 1717
6112 1720 1456
110 1219 1407
4652 1394 1374
139 1385 1368
2077 1786 1654
3327 1005 1462
3832 1069 1447
5573 1448 1377
5655 1084 1450
379 1334 1352
2026 789 1586
3384 1350 1350
4340 796 1636
5199 756 1693
6041 782 1610
1605 1328 1355
2557 1379 1984
2655 1273 1378
3432 1228 1399
3886 877 1760
5783 1789 1655
176 1213 1401
533 1142 1475
1283 1417 1385
2295 1121 1461
2720 1422 1384
2775 1302 1371
3110 1294 1383
4038 1335 1341
4155 1348 1349
4229 1669 1486
4483 1503 1943
6052 790 1597
346 1747 1627
2128 1303 1379
2234 1338 1347
2406 1737 1716
3932 1780 1650
4694 1391 1377
4934 1773 1635
6225 1057 1451
588 1095 1449
1817 1359 1333
3724 789 1607
3769 760 1714
4968 1781 1673
4979 1781 1659
5605 1337 1343
2293 1734 1712
3057 1051 1448
5631 1338 1338
5960 1137 1459
5998 1787 1663
62 1230 1395
740 784 1581
5549 1781 1667
6250 1733 1713
3301 760 1739
4071 1386 1375
4830 1340 1342
1615 1670 1483
2911 1370 1364
3306 1676 1463
5256 1683 1472
5305 1302 1381
324 1356 1336
489 1323 1355
562 1217 1409
2192 1714 1742
4576 1329 1977
33 1680 1471
2385 1357 1338
2065 1680 1492
5578 1514 1940
5612 1673 1474
5994 757 1690
2120 781 1654
2988 1133 1466
5572 1354 1345
345 1666 1480
1106 1350 1333
2712 1157 1467
3289 1320 1354
4069 1676 1501
4397 1056 1449
702 1442 1966
1943 755 1698
3074 1416 1378
4309 1680 1462
2748 1009 1457
4214 1373 1360
4709 1425 1378
4835 770 1676
876 988 1468
1047 798 1599
3360 1309 1365
5359 1054 1446
5607 1334 1348
1196 1679 1485
1239 1268 1403
2671 1033 1457
3052 1346 1344
3164 1672 1494
3419 1670 1509
4172 1665 1487
4883 1425 1379
5160 1681 1474
5674 1369 1359
596 1499 1944
2183 1349 1330
2367 1374 1355
2596 1336 1345
211 1723 1724
1798 1339 1350
6030 1338 1290
738 1385 1309
2351 1786 1679
3509 1769 1445
4513 1277 1381
4882 1694 1473
5007 753 1740
5896 1414 1345
157 771 1589
282 1415 1336
2220 1429 1367
2497 1386 1313
2910 1432 1354
4597 1349 1276
1352 1426 1362
3189 1406 1351
4022 1365 1327
126 1371 1340
2394 1697 1440
2558 1269 1375
3156 1421 1335
4357 768 1590
6004 746 1701
1287 769 1593
5214 1285 1387
6008 1592 1921
2104 1429 1372
495 1133 1457
1953 1386 1356
2435 1428 1338
3937 1428 1343
5178 1176 1426
5670 1124 1446
23 1710 1464
1198 773 1609
1594 1440 1361
2230 1334 1290
2914 1367 1289
5603 1359 1287
5635 748 1739
5930 1396 1339
2576 952 1795
2781 778 1630
3559 1337 1327
2969 1718 1442
371 1363 1301
1637 1742 1719
3046 1413 1330
4265 1724 1730
4389 1435 1345
4841 1409 1368
530 1357 1285
1366 1799 1655
3302 1725 1443
5260 774 1663
6057 1688 1484
4687 1430 1336
5848 1414 1375
6138 1719 1449
1744 1291 1365
1875 1406 1347
2176 1423 1353
2508 1266 1372
2884 778 1581
2957 1410 1349
288 1399 1333
3523 1425 1335
4625 1407 1993
5850 1716 1434
1920 771 1597
5701 1719 1432
5918 1380 1280
55 1280 1381
1307 1695 1466
1944 1349 1306
2205 1337 1289
4756 1332 1321
4939 1435 1340
5946 1329 1326
2873 1338 1330
3485 1793 1662
4996 1798 1468
614 1427 1346
2016 1361 1285
2431 1710 1446
2666 1425 1370
3082 1443 1369
4814 1343 1288
6006 1713 1438
1397 1426 1375
2993 1707 1450
4523 1416 1343
13 1710 1458
1946 1411 1367
3909 1616 1901
4715 1293 1366
5925 1328 1332
2283 1442 1347
2686 1389 1291
4529 1582 1944
4954 1732 1437
629 1433 1338
759 1387 1348
1993 1734 1446
4627 1280 1376
5524 1680 1458
1769 1723 1727
3428 1059 1438
4245 1389 1284
5238 1415 1348
5512 1363 1293
5565 1691 1476
3635 1421 1345
4001 1734 1440
4116 1419 1357
2442 1710 1459
4004 777 1617
4246 1761 1441
310 1351 1293
570 1692 1454
1064 1095 1444
1701 1434 1353
1808 1432 1347
3297 1407 1371
3639 1332 1292
3785 1360 1283
2054 1699 1442
2764 1427 1331
2861 1441 1358
2953 1374 1317
3266 1411 1361
5657 1270 1377
864 1355 1307
3407 1390 1291
6090 1733 1441
884 1707 1466
2989 1331 1316
3243 1352 1322
5153 1733 1723
309 1297 1363
5653 1087 1442
776 768 1659
1108 1335 1318
2590 1452 1344
3155 1363 1313
4278 1450 1340
129 990 1463
1796 1379 1280
3783 1126 1446
219 1314 1344
1271 1448 1375
2831 1392 1291
3158 1374 1325
3947 1417 1341
6046 1349 1314
2331 1088 1442
2822 1351 1277
3945 1406 1366
4539 981 1471
4583 1739 1441
92 1449 1358
150 1353 1300
1337 1794 1475
2416 1391 1296
3799 1323 1339
4119 749 1721
5077 1205 1404
5958 1341 1278
205 1339 1282
338 1799 1473
519 1718 1746
944 1383 1279
1460 1377 1312
4682 1702 1479
5885 1451 1369
6158 1354 1290
356 1725 1725
2540 1794 1657
4011 1020 1454
5421 1368 1289
1632 1719 1440
2158 1717 1447
2499 1401 1329
3971 1412 1338
6036 1250 1390
40 1371 1339
641 1124 1454
2134 1360 1299
4790 1704 1466
397 1804 1484
930 1382 1292
1474 1340 1318
1691 1384 1341
2514 1352 1296
3288 1791 1472
4601 1339 1993
6015 1719 1747
1324 1799 1479
2574 1699 1473
3015 1303 1358
4090 1377 1318
4453 1424 1370
4650 1416 1355
694 1428 1357
875 1409 1361
1107 1407 1331
1316 1385 1346
1991 1304 1359
4181 1351 1285
4502 1363 1315
5484 1435 1360
697 1297 1367
2267 1792 1668
4059 1687 1471
5092 1249 1385
5399 1380 1352
1482 1319 1344
1713 1425 1356
2274 1379 1317
2463 1419 1368
4132 1728 1438
1942 1188 1424
2101 1159 1444
3868 1439 1360
2240 1623 1893
2271 1790 1672
2956 784 1640
3520 1452 1362
3684 1174 1417
4684 1435 1351
5184 1324 1334
5350 908 1799
5403 1149 1456
2006 1300 1365
2110 1371 1286
4932 1613 1909
1854 1292 1371
2444 1412 1359
3064 1364 1335
4106 1378 1336
577 1353 1325
579 1199 1399
936 1697 1477
1373 1443 1362
1498 1350 1277
1867 1101 1445
3119 1608 1907
4276 1498 1953
5218 1326 1993
5233 1619 1897
5337 1416 1364
5718 1738 1440
859 1423 1373
1698 1364 1328
1980 1448 1342
2603 1422 1339
3129 1162 1450
3337 1294 1373
4352 1721 1446
4666 1783 1459
5510 1796 1661
178 1702 1442
506 1334 1315
898 1362 1325
1189 1732 1717
3034 1381 1314
3999 1052 1444
1493 1293 1361
1520 1174 1439
1950 1723 1439
3084 1333 1286
4366 1699 1457
5121 1704 1463
6143 1120 1449
514 1371 1294
5009 1737 1443
6108 769 1663
1343 1342 1314
1791 1385 1297
2823 1371 1315
3257 1711 1436
4460 1703 1454
5857 1708 1464
6096 1398 1989
1080 1369 1319
1513 1395 1341
3845 1278 1370
16 1701 1438
3179 1351 1311
2899 1112 1441
57 1444 1369
5126 1405 1358
36 1292 1381
1573 770 1596
3732 1335 1298
5151 1110 1448
5290 1249 1390
5416 1130 1453
2119 1336 1335
2417 1433 1352
2916 1683 1460
3215 1739 1438
3596 1336 1327
5163 1347 1329
630 1349 1282
1051 1372 1289
1230 1343 1311
1479 1336 1320
1864 1725 1728
3296 1450 1378
3578 1384 1290
3633 1409 1334
5053 1288 1382
6136 1690 1460
6137 1387 1279
1313 1722 1433
1503 1112 1445
2623 1386 1341
4349 1700 1466
4382 1389 1311
4505 1381 1338
424 1346 1309
1336 1770 1448
2051 1716 1432
2876 1369 1326
5505 1729 1439
1304 1365 1307
2736 1344 1285
3042 1139 1444
3090 1696 1454
3168 1384 1285
5003 776 1639
5383 785 1643
5694 1709 1452
1216 1189 1407
1380 1434 1355
2106 1361 1337
2372 1787 1664
3487 1367 1317
6064 1346 1315
1648 1304 1361
2215 1329 1340
111 1348 1294
1547 1348 1292
2281 1696 1468
3605 1383 1301
1005 1735 1728
1009 1401 1351
1110 1341 1308
4250 1387 1300
5482 1199 1404
5687 1290 1373
1532 1452 1372
5940 1448 1349
1328 1429 1361
1970 1363 1321
3024 1484 1969
3603 1704 1435
3786 1777 1458
5426 1425 1371
5518 1375 1295
5957 1731 1447
20 1440 1342
863 1337 1284
2746 1787 1462
2874 1789 1668
2900 1422 1328
3095 1798 1473
4999 1351 1307
1088 1733 1722
1574 1706 1443
3263 1701 1448
5398 1313 1352
5861 1449 1351
3748 1593 1920
5799 1382 1302
5898 1361 1993
6240 1404 1345
75 1373 1332
1592 1144 1461
1914 1715 1443
2107 1699 1468
5197 1399 1342
5882 1375 1994
671 1785 1464
1931 1214 1397
2159 1367 1321
3175 1084 1440
3533 1593 1936
5628 1361 1289
333 982 1464
3012 1149 1459
3538 1710 1432
3581 1413 1350
4238 1186 1413
5576 1357 1299
6254 1173 1428
1102 1163 1446
1227 1506 1952
3290 1386 1360
4130 1408 1338
551 1393 1347
3115 778 1607
4469 1605 1912
5556 1283 1381
5563 1706 1467
3863 1194 1419
815 1367 1299
6042 1692 1459
93 1421 1368
1240 1330 1324
2167 1414 1327
3537 1619 1903
5987 1284 1378
6076 1789 1673
1485 1382 1275
2401 1713 1450
3410 1346 1285
6184 1782 1674
1113 1331 1303
2329 1423 1342
255 1342 1296
383 1417 1343
1440 1368 1283
2090 1740 1723
2374 1348 1303
3318 1306 1353
3469 1725 1436
4867 1355 1291
5453 1442 1353
6195 1341 1298
58 1728 1726
1228 1323 1346
1828 1195 1404
2928 1284 1380
3403 1689 1487
4252 1618 1899
5168 775 1602
5259 1587 1926
5602 1148 1458
5914 1117 1448
451 1764 1442
1133 1257 1389
1175 1173 1417
3213 1343 1305
4087 1453 1352
4401 1373 1292
5672 1694 1487
2350 1364 1304
2482 1010 1460
4364 1307 1350
5049 1322 1333
334 1373 1301
2201 1347 1289
3507 765 1764
3853 776 1585
4812 1382 1313
5300 1704 1475
6043 1188 1411
6133 1166 1442
1244 1450 1351
1777 1595 1927
2713 1408 1346
4464 1612 1912
4703 1321 1339
2771 1447 1340
5039 1790 1469
5536 1272 1366
866 1095 1441
2673 1384 1299
2862 771 1620
3267 1411 1374
3890 1359 1296
3974 1695 1445
5689 1416 1376
76 1382 1336
467 1365 1297
2546 746 1693
3506 1399 1364
4507 1291 1381
5686 1715 1448
6223 1443 1372
